*Energy (MeV/u)	0 - [He-base] F.Hubert et al, AD&ND Tables 46(1990)1	1 - [H -base] J.F.Ziegler et al, Pergamon Press, NY (low energy)	2 - ATIMA 1.2  LS-theory (recommended for high energy)	3 - ATIMA 1.2  without LS-correction	4 - Range straggling - method [0] - LISE	5 - Range straggling - method [1] - Atima	6 - Lateral range - method [0] - LISE	7 - Lateral range - method [1] - Atima	8 - Lateral range - method [2] - PDG
0.001000	0.0870219 	0.0870219 	0.0722744 	0.0722744 	-	-	0.000167858	0.000278381	0.000135274
93.633957	52425.6   	52474.7   	52621     	52660.1   	433.38    	208.027   	144.931   	123.971   	142.539   
187.266914	176829    	177288    	177740    	177944    	1417.86   	657.27    	475.651   	396.392   	480.259   
280.899871	350910    	352353    	353673    	354151    	2709.86   	1253.39   	916.476   	761.025   	948.119   
374.532828	561868    	564801    	567466    	568312    	4172.92   	1948.11   	1423.7    	1186.72   	1505.94   
468.165785	801543    	805879    	810245    	811533    	5726.43   	2713.6    	1970.12   	1653.35   	2126.49   
561.798742	1.06415e+06	1.06944e+06	1.07573e+06	1.07752e+06	7320.24   	3531.49   	2538.32   	2147.33   	2790.8    
655.431699	1.34522e+06	1.35083e+06	1.35913e+06	1.36147e+06	8922.06   	4388.75   	3116.53   	2658.82   	3484.79   
749.064655	1.64122e+06	1.64648e+06	1.6568e+06	1.65974e+06	10511.6   	5277.13   	3696.9    	3180.74   	4198.1    
842.697612	1.94933e+06	1.95357e+06	1.96594e+06	1.9695e+06	12076.6   	6190.73   	4274.3    	3708.04   	4923.19   
936.330569	2.26737e+06	2.27e+06  	2.28443e+06	2.28864e+06	13609.3   	7124.95   	4845.2    	4236.98   	5654.41   
1029.963526	2.59342e+06	2.59394e+06	2.61054e+06	2.61542e+06	15105.5   	8076.84   	5407.4    	4764.87   	6387.57   
1123.596483	2.92588e+06	2.9239e+06	2.94286e+06	2.94842e+06	16563.4   	9044.39   	5959.52   	5289.75   	7119.53   
1217.229440	3.26346e+06	3.25874e+06	3.28029e+06	3.28655e+06	17981.4   	10024.8   	6500.6    	5810.08   	7847.84   
1310.862397	3.60507e+06	3.59744e+06	3.62194e+06	3.62891e+06	19360     	11017.1   	7030.16   	6324.82   	8570.71   
1404.495354	3.94971e+06	3.93916e+06	3.96704e+06	3.97472e+06	20700.1   	12020.4   	7548.15   	6833.29   	9286.96   
1498.128311	4.29659e+06	4.28319e+06	4.315e+06 	4.3234e+06	22002.7   	13034     	8054.53   	7334.96   	9995.58   
1591.761268	4.64503e+06	4.62896e+06	4.66532e+06	4.67444e+06	23268.9   	14057.2   	8549.38   	7829.43   	10695.8   
1685.394225	4.99441e+06	4.97593e+06	5.01755e+06	5.02739e+06	24500.4   	15089.6   	9033.03   	8316.54   	11387.3   
1779.027182	5.34421e+06	5.32369e+06	5.37137e+06	5.38194e+06	25697.3   	16130.9   	9505.36   	8795.9    	12069.4   
1872.660139	5.69398e+06	5.67184e+06	5.72639e+06	5.73772e+06	26863.2   	17179.9   	9967.37   	9267.93   	12742.4   
1966.293096	6.04334e+06	6.02008e+06	6.08243e+06	6.0945e+06	27998.8   	18236.2   	10419.2   	9732.49   	13406     
2059.926052	6.39185e+06	6.36808e+06	6.43933e+06	6.45215e+06	29102.3   	19300.5   	10860     	10188.8   	14059.1   
2153.559009	6.73938e+06	6.71568e+06	6.79677e+06	6.81033e+06	30181.2   	20371.5   	11292.3   	10638.5   	14703.8   
2247.191966	7.08562e+06	7.06264e+06	7.15466e+06	7.16896e+06	31233.8   	21449.9   	11715.4   	11081     	15339.3   
2340.824923	7.43036e+06	7.40879e+06	7.51287e+06	7.5279e+06	32261.4   	22535.7   	12129.8   	11516.5   	15965.6   
2434.457880	7.77341e+06	7.75398e+06	7.87129e+06	7.88706e+06	33265.2   	23628.7   	12535.8   	11945.1   	16582.9   
2528.090837	8.11459e+06	8.09807e+06	8.22982e+06	8.24632e+06	34246.3   	24728.4   	12933.6   	12366.9   	17191.3   
2621.723794	8.45377e+06	8.44095e+06	8.58838e+06	8.6056e+06	35205.6   	25834.7   	13323.6   	12782.1   	17791.1   
2715.356751	8.79082e+06	8.78252e+06	8.94688e+06	8.96482e+06	36144.2   	26947.4   	13706.1   	13190.9   	18382.4   
2808.989708	9.12564e+06	9.12269e+06	9.30527e+06	9.32393e+06	37063     	28066.4   	14081.4   	13593.5   	18965.3   
2902.622665	9.45813e+06	9.46138e+06	9.66349e+06	9.68287e+06	37962.8   	29191.6   	14449.9   	13989.9   	19540.1   
2996.255622	9.78812e+06	9.79846e+06	1.00215e+07	1.00416e+07	38843.7   	30323.1   	14811.3   	14380.2   	20106.6   
3089.888579	1.01143e+07	1.0133e+07	1.0379e+07	1.03999e+07	39698.4   	31463.9   	15163.1   	14761.7   	20661.3   
3183.521536	1.04402e+07	1.04675e+07	1.07366e+07	1.07581e+07	40551.9   	32605.2   	15514.5   	15142.8   	21215.5   
3277.154493	1.07617e+07	1.0799e+07	1.10935e+07	1.11158e+07	41377.6   	33757     	15855.5   	15514.3   	21756.8   
3370.787449	1.10821e+07	1.11298e+07	1.14504e+07	1.14733e+07	42197.3   	34911.2   	16194.3   	15883.8   	22295.3   
3464.420406	1.13986e+07	1.1458e+07	1.18066e+07	1.18303e+07	42995.7   	36074.1   	16525.1   	16245.8   	22823.6   
3558.053363	1.17134e+07	1.17851e+07	1.21627e+07	1.2187e+07	43784.4   	37241     	16852.3   	16604.4   	23347.3   
3651.686320	1.2025e+07	1.211e+07 	1.25182e+07	1.25433e+07	44557.4   	38414.9   	17173.5   	16957.3   	23863.2   
3745.319277	1.23341e+07	1.24332e+07	1.28733e+07	1.28991e+07	45317.7   	39594.6   	17490     	17305.6   	24372.8   
3838.952234	1.26407e+07	1.27548e+07	1.3228e+07	1.32545e+07	46067     	40779.5   	17802.4   	17649.9   	24877     
3932.585191	1.29439e+07	1.30741e+07	1.35822e+07	1.36094e+07	46801.1   	41971.8   	18108.9   	17988.6   	25373.4   
4026.218148	1.32455e+07	1.33922e+07	1.39361e+07	1.3964e+07	47528.4   	43167.5   	18412.9   	18324.7   	25866.2   
4119.851105	1.3543e+07	1.37076e+07	1.42892e+07	1.43179e+07	48238.3   	44372.3   	18710.3   	18654.2   	26350.1   
4213.484062	1.38396e+07	1.40223e+07	1.46423e+07	1.46716e+07	48945     	45578.9   	19006.4   	18982.5   	26832.3   
4307.117019	1.41314e+07	1.43337e+07	1.49944e+07	1.50245e+07	49632.4   	46795.9   	19295.3   	19303.5   	27304.3   
4400.749976	1.4423e+07	1.46451e+07	1.53466e+07	1.53774e+07	50319.8   	48013.1   	19584     	19624.4   	27776.3   
4494.382933	1.47091e+07	1.49525e+07	1.56978e+07	1.57292e+07	50986.4   	49242.3   	19864.9   	19937.3   	28237.1   
4588.015890	1.49951e+07	1.526e+07 	1.60489e+07	1.60811e+07	51653.1   	50471.5   	20145.8   	20250.2   	28697.9   
4681.648846	1.52762e+07	1.55641e+07	1.63992e+07	1.6432e+07	52302.9   	51711     	20420.2   	20556.5   	29149.5   
4775.281803	1.55567e+07	1.58676e+07	1.67493e+07	1.67829e+07	52950.2   	52952.1   	20693.7   	20861.7   	29599.8   
4868.914760	1.5833e+07	1.61683e+07	1.70987e+07	1.71329e+07	53584.2   	54201.7   	20962.1   	21161.7   	30042.6   
4962.547717	1.61079e+07	1.6468e+07	1.74478e+07	1.74827e+07	54213.4   	55454.4   	21228.6   	21459.8   	30482.8   
5056.180674	1.63792e+07	1.67652e+07	1.77962e+07	1.78318e+07	54831.3   	56714.9   	21490.8   	21753.2   	30916.6   
5149.813631	1.6648e+07	1.70606e+07	1.81442e+07	1.81804e+07	55441.6   	57980.5   	21750.1   	22043.6   	31346.1   
5243.446588	1.69168e+07	1.7356e+07	1.84922e+07	1.85291e+07	56051.9   	59246.1   	22009.4   	22334.1   	31775.6   
5337.079545	1.71795e+07	1.7647e+07	1.8839e+07	1.88766e+07	56644     	60524.8   	22261.8   	22617.1   	32194.7   
5430.712502	1.74417e+07	1.79377e+07	1.91857e+07	1.92239e+07	57234.7   	61804.5   	22513.6   	22899.5   	32613.1   
5524.345459	1.77014e+07	1.82267e+07	1.95319e+07	1.95708e+07	57818.6   	63089.5   	22762.8   	23179.1   	33027.5   
5617.978416	1.7954e+07	1.85106e+07	1.98768e+07	1.99163e+07	58382.9   	64389.7   	23004.5   	23450.6   	33430.4   
5711.611373	1.82067e+07	1.87945e+07	2.02216e+07	2.02619e+07	58947.2   	65689.8   	23246.2   	23722.1   	33833.4   
5805.244330	1.84593e+07	1.90784e+07	2.05665e+07	2.06074e+07	59511.5   	66990     	23487.9   	23993.6   	34236.4   
5898.877287	1.8712e+07	1.93622e+07	2.09113e+07	2.09529e+07	60075.8   	68290.2   	23729.6   	24265.1   	34639.3   
5992.510243	1.89646e+07	1.96461e+07	2.12562e+07	2.12984e+07	60640.1   	69590.4   	23971.3   	24536.6   	35042.3   
6086.143200	1.92061e+07	1.99219e+07	2.15989e+07	2.16417e+07	61175.5   	70915     	24202.1   	24796.1   	35428.2   
6179.776157	1.94466e+07	2.0197e+07	2.19413e+07	2.19849e+07	61708.5   	72241.8   	24431.9   	25054.4   	35812.6   
6273.409114	1.96871e+07	2.04722e+07	2.22838e+07	2.2328e+07	62241.5   	73568.5   	24661.7   	25312.8   	36197.1   
6367.042071	1.99276e+07	2.07473e+07	2.26263e+07	2.26711e+07	62774.5   	74895.3   	24891.4   	25571.2   	36581.5   
6460.675028	2.01681e+07	2.10224e+07	2.29688e+07	2.30142e+07	63307.4   	76222     	25121.2   	25829.5   	36965.9   
6554.307985	2.04019e+07	2.12926e+07	2.33099e+07	2.3356e+07	63824.5   	77563.8   	25345     	26081.2   	37340.8   
6647.940942	2.0631e+07	2.15594e+07	2.36501e+07	2.36969e+07	64330.2   	78916.3   	25564.5   	26327.9   	37708.8   
6741.573899	2.08601e+07	2.18261e+07	2.39903e+07	2.40377e+07	64835.8   	80268.9   	25783.9   	26574.7   	38076.8   
6835.206856	2.10892e+07	2.20929e+07	2.43305e+07	2.43785e+07	65341.4   	81621.5   	26003.4   	26821.5   	38444.7   
6928.839813	2.13183e+07	2.23596e+07	2.46707e+07	2.47194e+07	65847     	82974.1   	26222.9   	27068.2   	38812.7   
7022.472770	2.15448e+07	2.26245e+07	2.50104e+07	2.50597e+07	66346.9   	84332.6   	26440.1   	27312.5   	39177.1   
7116.105727	2.17632e+07	2.28833e+07	2.53484e+07	2.53983e+07	66828.4   	85710.3   	26650.6   	27548.9   	39530.4   
7209.738684	2.19816e+07	2.31421e+07	2.56864e+07	2.5737e+07	67310     	87087.9   	26861     	27785.4   	39883.7   
7303.371640	2.22e+07  	2.34009e+07	2.60244e+07	2.60756e+07	67791.5   	88465.5   	27071.4   	28021.8   	40236.9   
7397.004597	2.24184e+07	2.36597e+07	2.63625e+07	2.64143e+07	68273     	89843.1   	27281.8   	28258.2   	40590.2   
7490.637554	2.26368e+07	2.39185e+07	2.67005e+07	2.67529e+07	68754.5   	91220.7   	27492.3   	28494.6   	40943.4   
7584.270511	2.28461e+07	2.41705e+07	2.70366e+07	2.70897e+07	69216.8   	92620.4   	27695.5   	28722.8   	41284.8   
7677.903468	2.30545e+07	2.44217e+07	2.73726e+07	2.74263e+07	69676.9   	94022.5   	27898     	28950     	41624.9   
7771.536425	2.32629e+07	2.4673e+07	2.77086e+07	2.77629e+07	70137     	95424.6   	28100.5   	29177.2   	41965     
7865.169382	2.34712e+07	2.49243e+07	2.80445e+07	2.80995e+07	70597.2   	96826.7   	28303     	29404.4   	42305.1   
7958.802339	2.36796e+07	2.51755e+07	2.83805e+07	2.8436e+07	71057.3   	98228.9   	28505.5   	29631.6   	42645.1   
8052.435296	2.38827e+07	2.54228e+07	2.87153e+07	2.87715e+07	71506.7   	99644.3   	28704     	29854.1   	42978.6   
8146.068253	2.40817e+07	2.56669e+07	2.90493e+07	2.91061e+07	71947.6   	101070    	28899.5   	30073     	43306.8   
8239.701210	2.42806e+07	2.5911e+07	2.93833e+07	2.94407e+07	72388.6   	102496    	29095     	30291.9   	43635     
8333.334167	2.44796e+07	2.61551e+07	2.97173e+07	2.97753e+07	72829.6   	103922    	29290.4   	30510.8   	43963.1   
8426.967124	2.46786e+07	2.63992e+07	3.00513e+07	3.01099e+07	73270.5   	105348    	29485.9   	30729.8   	44291.3   
8520.600081	2.48756e+07	2.66418e+07	3.03849e+07	3.04441e+07	73707.7   	106779    	29680     	30947     	44617.2   
8614.233037	2.50658e+07	2.68791e+07	3.0717e+07	3.07769e+07	74131.5   	108227    	29869.2   	31158.5   	44934.6   
8707.865994	2.5256e+07	2.71164e+07	3.10491e+07	3.11096e+07	74555.2   	109675    	30058.5   	31369.9   	45252.1   
8801.498951	2.54462e+07	2.73538e+07	3.13813e+07	3.14423e+07	74979     	111123    	30247.7   	31581.3   	45569.5   
8895.131908	2.56364e+07	2.75911e+07	3.17134e+07	3.17751e+07	75402.7   	112572    	30436.9   	31792.8   	45887     
8988.764865	2.58266e+07	2.78284e+07	3.20456e+07	3.21078e+07	75826.5   	114020    	30626.2   	32004.2   	46204.4   
9082.397822	2.60095e+07	2.80601e+07	3.23761e+07	3.2439e+07	76236.5   	115487    	30810.5   	32209.7   	46513.3   
9176.030779	2.61914e+07	2.82909e+07	3.27065e+07	3.27699e+07	76644.7   	116957    	30994.2   	32414.4   	46821     
9269.663736	2.63734e+07	2.85218e+07	3.30369e+07	3.31009e+07	77052.8   	118427    	31177.8   	32619.1   	47128.8   
9363.296693	2.65553e+07	2.87527e+07	3.33672e+07	3.34318e+07	77461     	119897    	31361.5   	32823.8   	47436.5   
9456.929650	2.67373e+07	2.89836e+07	3.36976e+07	3.37628e+07	77869.1   	121367    	31545.2   	33028.4   	47744.2   
9550.562607	2.69151e+07	2.92112e+07	3.40271e+07	3.40928e+07	78269.6   	122849    	31726.2   	33229.8   	48047.1   
9644.195564	2.70893e+07	2.94359e+07	3.43558e+07	3.44221e+07	78663.6   	124340    	31904.9   	33428.4   	48345.9   
9737.828521	2.72635e+07	2.96607e+07	3.46844e+07	3.47513e+07	79057.5   	125832    	32083.5   	33626.9   	48644.8   
9831.461478	2.74378e+07	2.98855e+07	3.50131e+07	3.50806e+07	79451.5   	127323    	32262.2   	33825.4   	48943.6   
9925.094434	2.7612e+07	3.01102e+07	3.53418e+07	3.54098e+07	79845.4   	128814    	32440.9   	34024     	49242.5   
10018.727391	2.77841e+07	3.03333e+07	3.567e+07 	3.57386e+07	80235.6   	130312    	32618.3   	34220.9   	49538.9   
10112.360348	2.79477e+07	3.05495e+07	3.59963e+07	3.60655e+07	80610.6   	131836    	32790.4   	34411.3   	49825.9   
10205.993305	2.81112e+07	3.07657e+07	3.63226e+07	3.63924e+07	80985.5   	133359    	32962.6   	34601.7   	50112.9   
10299.626262	2.82748e+07	3.09819e+07	3.66489e+07	3.67192e+07	81360.5   	134883    	33134.7   	34792.1   	50399.9   
10393.259219	2.84384e+07	3.11981e+07	3.69752e+07	3.70461e+07	81735.4   	136407    	33306.9   	34982.4   	50687     
10486.892176	2.8602e+07	3.14143e+07	3.73015e+07	3.7373e+07	82110.4   	137930    	33479.1   	35172.8   	50974     
10580.525133	2.87656e+07	3.16305e+07	3.76279e+07	3.76998e+07	82485.4   	139454    	33651.2   	35363.2   	51261     
10674.158090	2.89291e+07	3.18467e+07	3.79542e+07	3.80267e+07	82860.3   	140977    	33823.4   	35553.6   	51548     
10767.791047	2.90927e+07	3.20629e+07	3.82805e+07	3.83536e+07	83235.3   	142501    	33995.5   	35744     	51835     
10861.424004	2.92563e+07	3.22791e+07	3.86068e+07	3.86804e+07	83610.2   	144024    	34167.7   	35934.4   	52122     
10955.056961	2.94199e+07	3.24953e+07	3.89331e+07	3.90073e+07	83985.2   	145548    	34339.8   	36124.7   	52409     
11048.689918	2.95768e+07	3.2706e+07	3.92579e+07	3.93326e+07	84348.7   	147093    	34508.1   	36310.2   	52688.8   
11142.322875	2.97276e+07	3.29117e+07	3.95812e+07	3.96565e+07	84701.5   	148659    	34672.9   	36491.2   	52962.1   
11235.955831	2.98783e+07	3.31174e+07	3.99046e+07	3.99805e+07	85054.4   	150224    	34837.7   	36672.2   	53235.4   
11329.588788	3.00291e+07	3.3323e+07	4.02279e+07	4.03044e+07	85407.2   	151790    	35002.4   	36853.2   	53508.7   
11423.221745	3.01799e+07	3.35287e+07	4.05513e+07	4.06283e+07	85760     	153355    	35167.2   	37034.1   	53782     
11516.854702	3.03306e+07	3.37344e+07	4.08747e+07	4.09522e+07	86112.9   	154920    	35332     	37215.1   	54055.3   
11610.487659	3.04814e+07	3.39401e+07	4.1198e+07	4.12761e+07	86465.7   	156486    	35496.7   	37396.1   	54328.7   
11704.120616	3.06322e+07	3.41457e+07	4.15214e+07	4.16e+07  	86818.6   	158051    	35661.5   	37577     	54602     
11797.753573	3.07829e+07	3.43514e+07	4.18448e+07	4.1924e+07	87171.4   	159617    	35826.3   	37758     	54875.3   
11891.386530	3.09337e+07	3.45571e+07	4.21681e+07	4.22479e+07	87524.3   	161182    	35991     	37939     	55148.6   
11985.019487	3.10845e+07	3.47628e+07	4.24915e+07	4.25718e+07	87877.1   	162748    	36155.8   	38120     	55421.9   
12078.652444	3.12257e+07	3.49604e+07	4.28126e+07	4.28934e+07	88214     	164347    	36315.4   	38294.2   	55685.4   
12172.285401	3.13651e+07	3.51566e+07	4.31333e+07	4.32147e+07	88547.9   	165952    	36474     	38467.2   	55947     
12265.918358	3.15045e+07	3.53527e+07	4.34539e+07	4.35359e+07	88881.7   	167557    	36632.7   	38640.2   	56208.7   
12359.551315	3.16439e+07	3.55488e+07	4.37746e+07	4.38571e+07	89215.6   	169163    	36791.3   	38813.2   	56470.3   
12453.184272	3.17833e+07	3.5745e+07	4.40953e+07	4.41783e+07	89549.4   	170768    	36949.9   	38986.2   	56732     
12546.817228	3.19227e+07	3.59411e+07	4.4416e+07	4.44995e+07	89883.3   	172374    	37108.6   	39159.2   	56993.6   
12640.450185	3.20621e+07	3.61372e+07	4.47366e+07	4.48207e+07	90217.1   	173979    	37267.2   	39332.2   	57255.3   
12734.083142	3.22016e+07	3.63333e+07	4.50573e+07	4.5142e+07	90551     	175584    	37425.8   	39505.2   	57516.9   
12827.716099	3.2341e+07	3.65295e+07	4.5378e+07	4.54632e+07	90884.8   	177190    	37584.4   	39678.2   	57778.6   
12921.349056	3.24804e+07	3.67256e+07	4.56987e+07	4.57844e+07	91218.7   	178795    	37743.1   	39851.2   	58040.2   
13014.982013	3.26182e+07	3.69203e+07	4.60189e+07	4.61052e+07	91549.9   	180406    	37900.9   	40023.1   	58300.2   
13108.614970	3.27475e+07	3.71077e+07	4.63371e+07	4.64239e+07	91867.2   	182049    	38054.4   	40189.3   	58551.9   
13202.247927	3.28768e+07	3.72952e+07	4.66553e+07	4.67427e+07	92184.5   	183692    	38207.8   	40355.5   	58803.6   
13295.880884	3.30061e+07	3.74826e+07	4.69735e+07	4.70614e+07	92501.9   	185335    	38361.3   	40521.7   	59055.2   
13389.513841	3.31354e+07	3.767e+07 	4.72917e+07	4.73801e+07	92819.2   	186978    	38514.8   	40687.8   	59306.9   
13483.146798	3.32647e+07	3.78574e+07	4.761e+07 	4.76989e+07	93136.6   	188621    	38668.3   	40854     	59558.5   
13576.779755	3.3394e+07	3.80449e+07	4.79282e+07	4.80176e+07	93453.9   	190264    	38821.8   	41020.2   	59810.2   
13670.412712	3.35233e+07	3.82323e+07	4.82464e+07	4.83363e+07	93771.3   	191907    	38975.3   	41186.4   	60061.8   
13764.045669	3.36526e+07	3.84197e+07	4.85646e+07	4.86551e+07	94088.6   	193550    	39128.8   	41352.6   	60313.5   
13857.678625	3.37819e+07	3.86071e+07	4.88828e+07	4.89738e+07	94405.9   	195193    	39282.2   	41518.8   	60565.1   
13951.311582	3.39112e+07	3.87946e+07	4.9201e+07	4.92925e+07	94723.3   	196836    	39435.7   	41684.9   	60816.8   
14044.944539	3.40361e+07	3.89782e+07	4.95181e+07	4.96102e+07	95033.7   	198496    	39587.1   	41848.3   	61064.3   
14138.577496	3.41564e+07	3.91576e+07	4.9834e+07	4.99266e+07	95336.5   	200175    	39736.2   	42008.6   	61307.3   
14232.210453	3.42766e+07	3.93371e+07	5.01499e+07	5.0243e+07	95639.3   	201853    	39885.3   	42168.9   	61550.3   
14325.843410	3.43969e+07	3.95166e+07	5.04658e+07	5.05595e+07	95942.2   	203531    	40034.5   	42329.2   	61793.3   
14419.476367	3.45172e+07	3.9696e+07	5.07817e+07	5.08759e+07	96245     	205210    	40183.6   	42489.5   	62036.4   
14513.109324	3.46374e+07	3.98755e+07	5.10977e+07	5.11924e+07	96547.8   	206888    	40332.7   	42649.8   	62279.4   
14606.742281	3.47577e+07	4.0055e+07	5.14136e+07	5.15088e+07	96850.7   	208567    	40481.8   	42810.1   	62522.4   
14700.375238	3.48779e+07	4.02344e+07	5.17295e+07	5.18252e+07	97153.5   	210245    	40630.9   	42970.5   	62765.4   
14794.008195	3.49982e+07	4.04139e+07	5.20454e+07	5.21417e+07	97456.4   	211924    	40780.1   	43130.8   	63008.4   
14887.641152	3.51184e+07	4.05934e+07	5.23614e+07	5.24581e+07	97759.2   	213602    	40929.2   	43291.1   	63251.4   
14981.274109	3.52387e+07	4.07728e+07	5.26773e+07	5.27745e+07	98062     	215280    	41078.3   	43451.4   	63494.5   
15074.907066	3.53525e+07	4.09464e+07	5.29915e+07	5.30893e+07	98354.6   	216986    	41224.4   	43607.6   	63731.4   
15168.540022	3.54646e+07	4.11186e+07	5.33053e+07	5.34036e+07	98644.6   	218699    	41369.8   	43762.8   	63966.9   
15262.172979	3.55768e+07	4.12908e+07	5.36191e+07	5.37179e+07	98934.5   	220411    	41515.2   	43918     	64202.4   
15355.805936	3.56889e+07	4.14629e+07	5.39329e+07	5.40322e+07	99224.5   	222123    	41660.5   	44073.2   	64437.9   
15449.438893	3.58011e+07	4.16351e+07	5.42467e+07	5.43465e+07	99514.5   	223836    	41805.9   	44228.4   	64673.4   
15543.071850	3.59132e+07	4.18072e+07	5.45605e+07	5.46608e+07	99804.5   	225548    	41951.3   	44383.6   	64908.9   
15636.704807	3.60253e+07	4.19794e+07	5.48743e+07	5.49751e+07	100094    	227261    	42096.6   	44538.8   	65144.3   
15730.337764	3.61375e+07	4.21516e+07	5.51881e+07	5.52894e+07	100384    	228973    	42242     	44694     	65379.8   
15823.970721	3.62496e+07	4.23237e+07	5.55019e+07	5.56037e+07	100674    	230686    	42387.4   	44849.2   	65615.3   
15917.603678	3.63618e+07	4.24959e+07	5.58158e+07	5.5918e+07	100964    	232398    	42532.8   	45004.4   	65850.8   
16011.236635	3.6473e+07	4.26672e+07	5.61293e+07	5.62321e+07	101253    	234115    	42677.7   	45159     	66085.5   
16104.869592	3.65779e+07	4.28327e+07	5.64412e+07	5.65444e+07	101531    	235861    	42819.9   	45309.8   	66314.4   
16198.502549	3.66827e+07	4.29981e+07	5.6753e+07	5.68568e+07	101810    	237607    	42962     	45460.5   	66543.3   
16292.135506	3.67876e+07	4.31635e+07	5.70648e+07	5.71691e+07	102088    	239352    	43104.1   	45611.2   	66772.1   
16385.768463	3.68924e+07	4.3329e+07	5.73767e+07	5.74814e+07	102367    	241098    	43246.3   	45761.9   	67001     
16479.401419	3.69972e+07	4.34944e+07	5.76885e+07	5.77937e+07	102645    	242844    	43388.4   	45912.7   	67229.9   
16573.034376	3.71021e+07	4.36598e+07	5.80003e+07	5.81061e+07	102924    	244590    	43530.5   	46063.4   	67458.8   
16666.667333	3.72069e+07	4.38253e+07	5.83122e+07	5.84184e+07	103202    	246336    	43672.7   	46214.1   	67687.7   
16760.300290	3.73117e+07	4.39907e+07	5.8624e+07	5.87307e+07	103481    	248081    	43814.8   	46364.9   	67916.5   
16853.933247	3.74166e+07	4.41562e+07	5.89358e+07	5.9043e+07	103759    	249827    	43956.9   	46515.6   	68145.4   
16947.566204	3.75214e+07	4.43216e+07	5.92477e+07	5.93553e+07	104038    	251573    	44099.1   	46666.3   	68374.3   
17041.199161	3.76233e+07	4.44843e+07	5.95587e+07	5.96669e+07	104312    	253333    	44240     	46815.3   	68600.6   
17134.832118	3.77216e+07	4.46435e+07	5.98687e+07	5.99773e+07	104580    	255112    	44379.3   	46962.1   	68823.7   
17228.465075	3.78198e+07	4.48027e+07	6.01787e+07	6.02878e+07	104848    	256890    	44518.6   	47108.9   	69046.7   
17322.098032	3.7918e+07	4.4962e+07	6.04886e+07	6.05983e+07	105116    	258669    	44657.9   	47255.7   	69269.8   
17415.730989	3.80162e+07	4.51212e+07	6.07986e+07	6.09087e+07	105384    	260447    	44797.2   	47402.5   	69492.8   
17509.363946	3.81145e+07	4.52804e+07	6.11086e+07	6.12192e+07	105652    	262226    	44936.5   	47549.3   	69715.9   
17602.996903	3.82127e+07	4.54396e+07	6.14186e+07	6.15297e+07	105920    	264004    	45075.8   	47696     	69938.9   
17696.629860	3.83109e+07	4.55989e+07	6.17286e+07	6.18401e+07	106188    	265783    	45215.1   	47842.8   	70162     
17790.262816	3.84091e+07	4.57581e+07	6.20386e+07	6.21506e+07	106456    	267561    	45354.4   	47989.6   	70385     
17883.895773	3.85074e+07	4.59173e+07	6.23486e+07	6.24611e+07	106725    	269340    	45493.7   	48136.4   	70608.1   
17977.528730	3.86056e+07	4.60765e+07	6.26586e+07	6.27715e+07	106993    	271118    	45633     	48283.2   	70831.1   
18071.161687	3.86992e+07	4.62314e+07	6.29673e+07	6.30807e+07	107254    	272921    	45770.4   	48427.3   	71050.3   
18164.794644	3.87915e+07	4.63848e+07	6.32755e+07	6.33894e+07	107512    	274732    	45907.2   	48570.6   	71268.1   
18258.427601	3.88837e+07	4.65383e+07	6.35838e+07	6.36981e+07	107771    	276543    	46044     	48713.9   	71486     
18352.060558	3.89759e+07	4.66918e+07	6.3892e+07	6.40069e+07	108030    	278353    	46180.8   	48857.2   	71703.9   
18445.693515	3.90681e+07	4.68453e+07	6.42003e+07	6.43156e+07	108289    	280164    	46317.6   	49000.5   	71921.8   
18539.326472	3.91604e+07	4.69987e+07	6.45085e+07	6.46243e+07	108547    	281975    	46454.4   	49143.8   	72139.6   
18632.959429	3.92526e+07	4.71522e+07	6.48168e+07	6.49331e+07	108806    	283786    	46591.2   	49287.1   	72357.5   
18726.592386	3.93448e+07	4.73057e+07	6.51251e+07	6.52418e+07	109065    	285596    	46728     	49430.4   	72575.4   
18820.225343	3.94371e+07	4.74591e+07	6.54333e+07	6.55505e+07	109323    	287407    	46864.8   	49573.7   	72793.3   
18913.858300	3.95293e+07	4.76126e+07	6.57416e+07	6.58593e+07	109582    	289218    	47001.6   	49717     	73011.1   
19007.491257	3.96211e+07	4.77657e+07	6.60497e+07	6.61679e+07	109840    	291031    	47138.3   	49860     	73228.7   
19101.124213	3.97078e+07	4.79138e+07	6.63563e+07	6.64749e+07	110090    	292873    	47272.8   	50000.2   	73441.9   
19194.757170	3.97946e+07	4.80619e+07	6.6663e+07	6.6782e+07	110341    	294716    	47407.4   	50140.4   	73655.2   
19288.390127	3.98814e+07	4.821e+07 	6.69696e+07	6.70891e+07	110591    	296558    	47542     	50280.5   	73868.4   
19382.023084	3.99681e+07	4.83582e+07	6.72762e+07	6.73962e+07	110841    	298400    	47676.6   	50420.7   	74081.7   
19475.656041	4.00549e+07	4.85063e+07	6.75829e+07	6.77033e+07	111091    	300243    	47811.2   	50560.9   	74295     
19569.288998	4.01417e+07	4.86544e+07	6.78895e+07	6.80104e+07	111341    	302085    	47945.8   	50701.1   	74508.2   
19662.921955	4.02284e+07	4.88025e+07	6.81961e+07	6.83175e+07	111591    	303927    	48080.4   	50841.3   	74721.5   
19756.554912	4.03152e+07	4.89507e+07	6.85028e+07	6.86246e+07	111842    	305770    	48215     	50981.4   	74934.8   
19850.187869	4.0402e+07	4.90988e+07	6.88094e+07	6.89317e+07	112092    	307612    	48349.5   	51121.6   	75148     
19943.820826	4.04888e+07	4.92469e+07	6.9116e+07	6.92388e+07	112342    	309454    	48484.1   	51261.8   	75361.3   
20037.453783	4.05735e+07	4.93931e+07	6.9422e+07	6.95453e+07	112589    	311309    	48617.9   	51400.9   	75572.9   
20131.086740	4.06553e+07	4.95362e+07	6.97271e+07	6.98508e+07	112831    	313182    	48750.5   	51538.2   	75782     
20224.719697	4.07371e+07	4.96793e+07	7.00322e+07	7.01564e+07	113074    	315056    	48883.1   	51675.6   	75991.1   
20318.352654	4.08189e+07	4.98225e+07	7.03373e+07	7.04619e+07	113316    	316929    	49015.7   	51813     	76200.2   
20411.985610	4.09007e+07	4.99656e+07	7.06424e+07	7.07675e+07	113558    	318802    	49148.3   	51950.4   	76409.3   
20505.618567	4.09824e+07	5.01088e+07	7.09475e+07	7.1073e+07	113801    	320676    	49280.9   	52087.8   	76618.5   
20599.251524	4.10642e+07	5.02519e+07	7.12526e+07	7.13786e+07	114043    	322549    	49413.5   	52225.1   	76827.6   
20692.884481	4.1146e+07	5.03951e+07	7.15577e+07	7.16841e+07	114285    	324422    	49546     	52362.5   	77036.7   
20786.517438	4.12278e+07	5.05382e+07	7.18628e+07	7.19897e+07	114528    	326295    	49678.6   	52499.9   	77245.8   
20880.150395	4.13096e+07	5.06814e+07	7.21679e+07	7.22952e+07	114770    	328169    	49811.2   	52637.3   	77454.9   
20973.783352	4.13914e+07	5.08245e+07	7.2473e+07	7.26008e+07	115012    	330042    	49943.8   	52774.7   	77664     
21067.416309	4.14699e+07	5.09644e+07	7.2777e+07	7.29053e+07	115249    	331937    	50075.1   	52910.2   	77870.4   
21161.049266	4.15471e+07	5.11029e+07	7.30806e+07	7.32094e+07	115484    	333839    	50205.9   	53045.1   	78075.8   
21254.682223	4.16243e+07	5.12414e+07	7.33843e+07	7.35135e+07	115720    	335742    	50336.7   	53179.9   	78281.2   
21348.315180	4.17015e+07	5.13799e+07	7.36879e+07	7.38176e+07	115955    	337645    	50467.4   	53314.8   	78486.6   
21441.948137	4.17787e+07	5.15184e+07	7.39916e+07	7.41216e+07	116190    	339548    	50598.2   	53449.7   	78691.9   
21535.581094	4.18559e+07	5.16569e+07	7.42952e+07	7.44257e+07	116425    	341451    	50729     	53584.5   	78897.3   
21629.214051	4.19332e+07	5.17954e+07	7.45988e+07	7.47298e+07	116660    	343353    	50859.8   	53719.4   	79102.7   
21722.847007	4.20104e+07	5.19339e+07	7.49025e+07	7.50339e+07	116895    	345256    	50990.6   	53854.2   	79308.1   
21816.479964	4.20876e+07	5.20724e+07	7.52061e+07	7.5338e+07	117130    	347159    	51121.4   	53989.1   	79513.4   
21910.112921	4.21648e+07	5.22109e+07	7.55097e+07	7.56421e+07	117365    	349062    	51252.2   	54123.9   	79718.8   
22003.745878	4.22419e+07	5.23492e+07	7.58133e+07	7.59461e+07	117600    	350966    	51382.9   	54258.7   	79924     
22097.378835	4.23149e+07	5.24834e+07	7.61156e+07	7.62489e+07	117829    	352898    	51512     	54391.3   	80126     
22191.011792	4.23879e+07	5.26175e+07	7.64179e+07	7.65516e+07	118057    	354829    	51641.1   	54523.8   	80328     
22284.644749	4.2461e+07	5.27517e+07	7.67201e+07	7.68543e+07	118286    	356761    	51770.3   	54656.4   	80530     
22378.277706	4.2534e+07	5.28858e+07	7.70224e+07	7.7157e+07	118514    	358693    	51899.4   	54789     	80732     
22471.910663	4.2607e+07	5.302e+07 	7.73247e+07	7.74597e+07	118743    	360625    	52028.6   	54921.5   	80934     
22565.543620	4.26801e+07	5.31542e+07	7.76269e+07	7.77624e+07	118971    	362556    	52157.7   	55054.1   	81136     
22659.176577	4.27531e+07	5.32883e+07	7.79292e+07	7.80651e+07	119200    	364488    	52286.8   	55186.7   	81337.9   
22752.809534	4.28261e+07	5.34225e+07	7.82315e+07	7.83678e+07	119428    	366420    	52416     	55319.3   	81539.9   
22846.442491	4.28991e+07	5.35566e+07	7.85337e+07	7.86705e+07	119657    	368352    	52545.1   	55451.8   	81741.9   
22940.075448	4.29722e+07	5.36908e+07	7.8836e+07	7.89732e+07	119885    	370283    	52674.2   	55584.4   	81943.9   
23033.708404	4.30438e+07	5.38235e+07	7.91378e+07	7.92755e+07	120111    	372226    	52802.8   	55716.2   	82144.8   
23127.341361	4.3113e+07	5.39536e+07	7.94388e+07	7.95769e+07	120334    	374186    	52930.4   	55846.7   	82343.7   
23220.974318	4.31822e+07	5.40836e+07	7.97397e+07	7.98783e+07	120556    	376147    	53058.1   	55977.2   	82542.6   
23314.607275	4.32513e+07	5.42137e+07	8.00407e+07	8.01797e+07	120778    	378108    	53185.7   	56107.7   	82741.5   
23408.240232	4.33205e+07	5.43438e+07	8.03417e+07	8.04811e+07	121001    	380068    	53313.3   	56238.2   	82940.4   
23501.873189	4.33897e+07	5.44739e+07	8.06427e+07	8.07825e+07	121223    	382029    	53440.9   	56368.6   	83139.3   
23595.506146	4.34589e+07	5.4604e+07	8.09436e+07	8.10839e+07	121445    	383990    	53568.6   	56499.1   	83338.2   
23689.139103	4.3528e+07	5.4734e+07	8.12446e+07	8.13853e+07	121668    	385950    	53696.2   	56629.6   	83537.1   
23782.772060	4.35972e+07	5.48641e+07	8.15456e+07	8.16867e+07	121890    	387911    	53823.8   	56760.1   	83736     
23876.405017	4.36664e+07	5.49942e+07	8.18465e+07	8.19881e+07	122113    	389872    	53951.4   	56890.6   	83934.9   
23970.037974	4.37355e+07	5.51243e+07	8.21475e+07	8.22895e+07	122335    	391832    	54079     	57021.1   	84133.8   
24063.670931	4.38023e+07	5.52518e+07	8.24476e+07	8.259e+07 	122553    	393811    	54205.7   	57150.3   	84330.8   
24157.303888	4.38679e+07	5.5378e+07	8.27474e+07	8.28901e+07	122770    	395798    	54331.9   	57278.8   	84526.9   
24250.936845	4.39335e+07	5.55043e+07	8.30471e+07	8.31903e+07	122987    	397785    	54458.2   	57407.4   	84723     
24344.569801	4.39991e+07	5.56305e+07	8.33468e+07	8.34904e+07	123203    	399773    	54584.4   	57536     	84919.1   
24438.202758	4.40648e+07	5.57568e+07	8.36466e+07	8.37906e+07	123420    	401760    	54710.6   	57664.6   	85115.2   
24531.835715	4.41304e+07	5.5883e+07	8.39463e+07	8.40907e+07	123636    	403747    	54836.8   	57793.1   	85311.2   
24625.468672	4.4196e+07	5.60093e+07	8.4246e+07	8.43909e+07	123853    	405734    	54963     	57921.7   	85507.3   
24719.101629	4.42616e+07	5.61355e+07	8.45458e+07	8.4691e+07	124070    	407721    	55089.3   	58050.3   	85703.4   
24812.734586	4.43272e+07	5.62618e+07	8.48455e+07	8.49912e+07	124286    	409709    	55215.5   	58178.9   	85899.5   
24906.367543	4.43928e+07	5.6388e+07	8.51452e+07	8.52913e+07	124503    	411696    	55341.7   	58307.5   	86095.6   
25000.000500	4.44585e+07	5.65143e+07	8.5445e+07	8.55915e+07	124720    	413683    	55467.9   	58436     	86291.7   
25093.633457	4.45208e+07	5.66369e+07	8.57435e+07	8.58904e+07	124931    	415695    	55592.8   	58562.9   	86485.2   
25187.266414	4.45831e+07	5.67596e+07	8.6042e+07	8.61894e+07	125142    	417707    	55717.7   	58689.7   	86678.6   
25280.899371	4.46454e+07	5.68822e+07	8.63406e+07	8.64883e+07	125353    	419720    	55842.6   	58816.5   	86872.1   
25374.532328	4.47078e+07	5.70049e+07	8.66391e+07	8.67873e+07	125565    	421732    	55967.6   	58943.3   	87065.6   
25468.165285	4.47701e+07	5.71275e+07	8.69377e+07	8.70862e+07	125776    	423744    	56092.5   	59070.1   	87259.1   
25561.798242	4.48324e+07	5.72502e+07	8.72362e+07	8.73852e+07	125987    	425756    	56217.4   	59196.9   	87452.6   
25655.431199	4.48947e+07	5.73728e+07	8.75347e+07	8.76842e+07	126198    	427768    	56342.3   	59323.7   	87646.1   
25749.064155	4.49571e+07	5.74955e+07	8.78333e+07	8.79831e+07	126410    	429781    	56467.2   	59450.6   	87839.6   
25842.697112	4.50194e+07	5.76181e+07	8.81318e+07	8.82821e+07	126621    	431793    	56592.1   	59577.4   	88033     
25936.330069	4.50817e+07	5.77408e+07	8.84304e+07	8.8581e+07	126832    	433805    	56717     	59704.2   	88226.5   
26029.963026	4.51431e+07	5.78623e+07	8.87285e+07	8.88796e+07	127042    	435825    	56841.5   	59830.5   	88419.2   
26123.595983	4.52024e+07	5.79816e+07	8.9026e+07	8.91774e+07	127248    	437863    	56965.2   	59955.7   	88610.3   
26217.228940	4.52616e+07	5.81008e+07	8.93234e+07	8.94752e+07	127455    	439901    	57088.9   	60080.9   	88801.4   
26310.861897	4.53209e+07	5.82201e+07	8.96208e+07	8.97731e+07	127661    	441939    	57212.5   	60206.1   	88992.5   
26404.494854	4.53802e+07	5.83393e+07	8.99182e+07	9.00709e+07	127867    	443977    	57336.2   	60331.3   	89183.6   
26498.127811	4.54395e+07	5.84586e+07	9.02156e+07	9.03687e+07	128073    	446014    	57459.9   	60456.4   	89374.7   
26591.760768	4.54987e+07	5.85778e+07	9.0513e+07	9.06665e+07	128280    	448052    	57583.6   	60581.6   	89565.8   
26685.393725	4.5558e+07	5.86971e+07	9.08104e+07	9.09643e+07	128486    	450090    	57707.3   	60706.8   	89756.9   
26779.026682	4.56173e+07	5.88163e+07	9.11078e+07	9.12621e+07	128692    	452128    	57830.9   	60832     	89948     
26872.659639	4.56766e+07	5.89356e+07	9.14052e+07	9.156e+07 	128898    	454166    	57954.6   	60957.2   	90139.1   
26966.292596	4.57359e+07	5.90548e+07	9.17027e+07	9.18578e+07	129105    	456203    	58078.3   	61082.4   	90330.2   
27059.925552	4.57933e+07	5.9172e+07	9.19994e+07	9.21549e+07	129308    	458258    	58201.2   	61206.6   	90519.9   
27153.558509	4.58498e+07	5.9288e+07	9.22957e+07	9.24516e+07	129510    	460322    	58323.7   	61330.3   	90708.7   
27247.191466	4.59062e+07	5.94041e+07	9.2592e+07	9.27484e+07	129711    	462386    	58446.3   	61454     	90897.6   
27340.824423	4.59627e+07	5.95201e+07	9.28884e+07	9.30451e+07	129913    	464450    	58568.8   	61577.7   	91086.5   
27434.457380	4.60191e+07	5.96362e+07	9.31847e+07	9.33418e+07	130114    	466513    	58691.3   	61701.3   	91275.4   
27528.090337	4.60756e+07	5.97522e+07	9.34811e+07	9.36385e+07	130316    	468577    	58813.8   	61825     	91464.2   
27621.723294	4.6132e+07	5.98682e+07	9.37774e+07	9.39353e+07	130518    	470641    	58936.3   	61948.7   	91653.1   
27715.356251	4.61885e+07	5.99843e+07	9.40737e+07	9.4232e+07	130719    	472705    	59058.8   	62072.4   	91842     
27808.989208	4.62449e+07	6.01003e+07	9.43701e+07	9.45287e+07	130921    	474769    	59181.3   	62196.1   	92030.9   
27902.622165	4.63014e+07	6.02163e+07	9.46664e+07	9.48254e+07	131122    	476833    	59303.9   	62319.7   	92219.7   
27996.255122	4.63578e+07	6.03324e+07	9.49627e+07	9.51222e+07	131324    	478897    	59426.4   	62443.4   	92408.6   
28089.888079	4.64117e+07	6.04455e+07	9.52581e+07	9.54179e+07	131521    	480985    	59547.8   	62565.7   	92595.5   
28183.521036	4.64656e+07	6.05585e+07	9.55534e+07	9.57136e+07	131719    	483074    	59669.2   	62688     	92782.3   
28277.153993	4.65194e+07	6.06715e+07	9.58487e+07	9.60093e+07	131916    	485164    	59790.6   	62810.3   	92969.1   
28370.786949	4.65732e+07	6.07845e+07	9.6144e+07	9.6305e+07	132113    	487253    	59912     	62932.6   	93155.9   
28464.419906	4.6627e+07	6.08975e+07	9.64393e+07	9.66006e+07	132310    	489342    	60033.4   	63054.8   	93342.7   
28558.052863	4.66808e+07	6.10105e+07	9.67346e+07	9.68963e+07	132508    	491431    	60154.9   	63177.1   	93529.5   
28651.685820	4.67346e+07	6.11235e+07	9.70299e+07	9.7192e+07	132705    	493521    	60276.3   	63299.4   	93716.4   
28745.318777	4.67885e+07	6.12365e+07	9.73252e+07	9.74877e+07	132902    	495610    	60397.7   	63421.6   	93903.2   
28838.951734	4.68423e+07	6.13495e+07	9.76205e+07	9.77834e+07	133099    	497699    	60519.1   	63543.9   	94090     
28932.584691	4.68961e+07	6.14625e+07	9.79158e+07	9.80791e+07	133296    	499789    	60640.5   	63666.2   	94276.8   
29026.217648	4.69492e+07	6.15747e+07	9.82108e+07	9.83745e+07	133492    	501885    	60761.6   	63788.1   	94463.1   
29119.850605	4.70006e+07	6.16848e+07	9.85052e+07	9.86691e+07	133686    	503998    	60882     	63909     	94647.9   
29213.483562	4.70519e+07	6.17949e+07	9.87995e+07	9.89638e+07	133879    	506111    	61002.3   	64030     	94832.8   
29307.116519	4.71033e+07	6.1905e+07	9.90938e+07	9.92585e+07	134072    	508225    	61122.7   	64150.9   	95017.7   
29400.749476	4.71547e+07	6.20152e+07	9.93881e+07	9.95532e+07	134265    	510338    	61243     	64271.9   	95202.6   
29494.382433	4.7206e+07	6.21253e+07	9.96824e+07	9.98479e+07	134458    	512452    	61363.4   	64392.8   	95387.4   
29588.015390	4.72574e+07	6.22354e+07	9.99767e+07	1.00143e+08	134651    	514565    	61483.7   	64513.8   	95572.3   
29681.648346	4.73088e+07	6.23455e+07	1.00271e+08	1.00437e+08	134844    	516679    	61604.1   	64634.7   	95757.2   
29775.281303	4.73601e+07	6.24556e+07	1.00565e+08	1.00732e+08	135037    	518792    	61724.4   	64755.7   	95942.1   
29868.914260	4.74115e+07	6.25658e+07	1.0086e+08	1.01027e+08	135230    	520905    	61844.8   	64876.6   	96127     
29962.547217	4.74629e+07	6.26759e+07	1.01154e+08	1.01321e+08	135423    	523019    	61965.1   	64997.6   	96311.8   
30056.180174	4.75122e+07	6.27836e+07	1.01447e+08	1.01615e+08	135613    	525153    	62084.6   	65117.4   	96495.1   
30149.813131	4.75602e+07	6.28897e+07	1.0174e+08	1.01908e+08	135800    	527301    	62203.4   	65236.6   	96677.3   
30243.446088	4.76082e+07	6.29958e+07	1.02033e+08	1.02202e+08	135987    	529450    	62322.3   	65355.7   	96859.5   
30337.079045	4.76562e+07	6.31019e+07	1.02326e+08	1.02495e+08	136175    	531598    	62441.1   	65474.8   	97041.8   
30430.712002	4.77042e+07	6.32079e+07	1.02619e+08	1.02788e+08	136362    	533746    	62560     	65593.9   	97224     
30524.344959	4.77522e+07	6.3314e+07	1.02912e+08	1.03081e+08	136549    	535894    	62678.8   	65713     	97406.2   
30617.977916	4.78002e+07	6.34201e+07	1.03205e+08	1.03375e+08	136737    	538042    	62797.7   	65832.2   	97588.4   
30711.610873	4.78482e+07	6.35262e+07	1.03498e+08	1.03668e+08	136924    	540191    	62916.5   	65951.3   	97770.6   
30805.243830	4.78962e+07	6.36323e+07	1.03791e+08	1.03961e+08	137111    	542339    	63035.4   	66070.4   	97952.8   
30898.876787	4.79442e+07	6.37384e+07	1.04084e+08	1.04254e+08	137298    	544487    	63154.2   	66189.5   	98135.1   
30992.509743	4.79922e+07	6.38445e+07	1.04376e+08	1.04548e+08	137486    	546635    	63273.1   	66308.7   	98317.3   
31086.142700	4.80402e+07	6.39506e+07	1.04669e+08	1.04841e+08	137673    	548784    	63391.9   	66427.8   	98499.5   
31179.775657	4.80883e+07	6.40567e+07	1.04962e+08	1.05134e+08	137860    	550932    	63510.8   	66546.9   	98681.7   
31273.408614	4.81363e+07	6.41628e+07	1.05255e+08	1.05427e+08	138048    	553080    	63629.6   	66666     	98863.9   
31367.041571	4.81843e+07	6.42688e+07	1.05548e+08	1.05721e+08	138235    	555228    	63748.5   	66785.1   	99046.1   
31460.674528	4.82323e+07	6.43749e+07	1.05841e+08	1.06014e+08	138422    	557376    	63867.3   	66904.3   	99228.3   
31554.307485	4.82803e+07	6.4481e+07	1.06134e+08	1.06307e+08	138610    	559525    	63986.2   	67023.4   	99410.6   
31647.940442	4.83283e+07	6.45871e+07	1.06427e+08	1.06601e+08	138797    	561673    	64105     	67142.5   	99592.8   
31741.573399	4.83763e+07	6.46932e+07	1.0672e+08	1.06894e+08	138984    	563821    	64223.9   	67261.6   	99775     
31835.206356	4.84243e+07	6.47993e+07	1.07013e+08	1.07187e+08	139171    	565969    	64342.7   	67380.7   	99957.2   
31928.839313	4.84723e+07	6.49054e+07	1.07305e+08	1.0748e+08	139359    	568118    	64461.6   	67499.9   	100139    
32022.472270	4.85193e+07	6.50103e+07	1.07598e+08	1.07773e+08	139544    	570277    	64580     	67618.4   	100321    
32116.105227	4.85633e+07	6.51114e+07	1.07889e+08	1.08065e+08	139725    	572470    	64697     	67735.3   	100500    
32209.738184	4.86073e+07	6.52126e+07	1.0818e+08	1.08356e+08	139905    	574664    	64813.9   	67852.2   	100679    
32303.371140	4.86513e+07	6.53137e+07	1.08471e+08	1.08648e+08	140085    	576858    	64930.9   	67969.1   	100858    
32397.004097	4.86953e+07	6.54149e+07	1.08763e+08	1.08939e+08	140266    	579052    	65047.8   	68086     	101037    
32490.637054	4.87393e+07	6.5516e+07	1.09054e+08	1.0923e+08	140446    	581245    	65164.8   	68202.9   	101216    
32584.270011	4.87832e+07	6.56172e+07	1.09345e+08	1.09522e+08	140626    	583439    	65281.8   	68319.8   	101395    
32677.902968	4.88272e+07	6.57183e+07	1.09636e+08	1.09813e+08	140806    	585633    	65398.7   	68436.7   	101574    
32771.535925	4.88712e+07	6.58195e+07	1.09927e+08	1.10105e+08	140987    	587826    	65515.7   	68553.6   	101753    
32865.168882	4.89152e+07	6.59206e+07	1.10218e+08	1.10396e+08	141167    	590020    	65632.7   	68670.5   	101932    
32958.801839	4.89592e+07	6.60217e+07	1.10509e+08	1.10688e+08	141347    	592214    	65749.6   	68787.4   	102111    
33052.434796	4.90032e+07	6.61229e+07	1.108e+08 	1.10979e+08	141527    	594408    	65866.6   	68904.3   	102290    
33146.067753	4.90472e+07	6.6224e+07	1.11092e+08	1.11271e+08	141708    	596601    	65983.5   	69021.2   	102469    
33239.700710	4.90912e+07	6.63252e+07	1.11383e+08	1.11562e+08	141888    	598795    	66100.5   	69138.1   	102648    
33333.333667	4.91352e+07	6.64263e+07	1.11674e+08	1.11854e+08	142068    	600989    	66217.5   	69255     	102827    
33426.966624	4.91791e+07	6.65275e+07	1.11965e+08	1.12145e+08	142249    	603183    	66334.4   	69371.9   	103006    
33520.599581	4.92231e+07	6.66286e+07	1.12256e+08	1.12437e+08	142429    	605376    	66451.4   	69488.8   	103185    
33614.232537	4.92671e+07	6.67298e+07	1.12547e+08	1.12728e+08	142609    	607570    	66568.4   	69605.7   	103364    
33707.865494	4.93111e+07	6.68309e+07	1.12838e+08	1.1302e+08	142789    	609764    	66685.3   	69722.6   	103543    
33801.498451	4.93551e+07	6.69321e+07	1.1313e+08	1.13311e+08	142970    	611958    	66802.3   	69839.5   	103722    
33895.131408	4.93991e+07	6.70332e+07	1.13421e+08	1.13603e+08	143150    	614151    	66919.2   	69956.3   	103901    
33988.764365	4.94431e+07	6.71343e+07	1.13712e+08	1.13894e+08	143330    	616345    	67036.2   	70073.2   	104080    
34082.397322	4.94839e+07	6.72315e+07	1.14002e+08	1.14184e+08	143505    	618578    	67151.6   	70188.4   	104256    
34176.030279	4.95244e+07	6.73282e+07	1.14291e+08	1.14474e+08	143679    	620815    	67266.8   	70303.2   	104432    
34269.663236	4.95649e+07	6.74248e+07	1.14581e+08	1.14764e+08	143853    	623053    	67381.9   	70418.1   	104608    
34363.296193	4.96053e+07	6.75215e+07	1.1487e+08	1.15054e+08	144027    	625291    	67497.1   	70533     	104784    
34456.929150	4.96458e+07	6.76182e+07	1.1516e+08	1.15343e+08	144201    	627529    	67612.3   	70647.8   	104960    
34550.562107	4.96862e+07	6.77148e+07	1.15449e+08	1.15633e+08	144375    	629767    	67727.5   	70762.7   	105136    
34644.195064	4.97267e+07	6.78115e+07	1.15739e+08	1.15923e+08	144549    	632004    	67842.6   	70877.6   	105312    
34737.828021	4.97671e+07	6.79081e+07	1.16028e+08	1.16213e+08	144723    	634242    	67957.8   	70992.5   	105489    
34831.460978	4.98076e+07	6.80048e+07	1.16318e+08	1.16503e+08	144896    	636480    	68073     	71107.3   	105665    
34925.093934	4.9848e+07	6.81014e+07	1.16607e+08	1.16792e+08	145070    	638718    	68188.2   	71222.2   	105841    
35018.726891	4.98885e+07	6.81981e+07	1.16897e+08	1.17082e+08	145244    	640956    	68303.3   	71337.1   	106017    
35112.359848	4.99289e+07	6.82947e+07	1.17186e+08	1.17372e+08	145418    	643193    	68418.5   	71451.9   	106193    
35205.992805	4.99694e+07	6.83914e+07	1.17476e+08	1.17662e+08	145592    	645431    	68533.7   	71566.8   	106369    
35299.625762	5.00098e+07	6.8488e+07	1.17765e+08	1.17952e+08	145766    	647669    	68648.8   	71681.7   	106545    
35393.258719	5.00503e+07	6.85847e+07	1.18055e+08	1.18241e+08	145940    	649907    	68764     	71796.6   	106721    
35486.891676	5.00907e+07	6.86813e+07	1.18344e+08	1.18531e+08	146114    	652145    	68879.2   	71911.4   	106897    
35580.524633	5.01312e+07	6.8778e+07	1.18634e+08	1.18821e+08	146288    	654383    	68994.4   	72026.3   	107073    
35674.157590	5.01716e+07	6.88746e+07	1.18923e+08	1.19111e+08	146462    	656620    	69109.5   	72141.2   	107249    
35767.790547	5.02121e+07	6.89713e+07	1.19213e+08	1.19401e+08	146636    	658858    	69224.7   	72256     	107425    
35861.423504	5.02525e+07	6.9068e+07	1.19502e+08	1.19691e+08	146810    	661096    	69339.9   	72370.9   	107601    
35955.056461	5.0293e+07	6.91646e+07	1.19792e+08	1.1998e+08	146984    	663334    	69455.1   	72485.8   	107777    
36048.689418	5.03318e+07	6.92591e+07	1.2008e+08	1.20269e+08	147155    	665593    	69569.3   	72599.7   	107952    
36142.322375	5.03691e+07	6.93517e+07	1.20368e+08	1.20558e+08	147323    	667873    	69682.8   	72712.7   	108126    
36235.955331	5.04065e+07	6.94442e+07	1.20656e+08	1.20846e+08	147491    	670152    	69796.3   	72825.7   	108299    
36329.588288	5.04438e+07	6.95368e+07	1.20944e+08	1.21134e+08	147659    	672432    	69909.8   	72938.7   	108472    
36423.221245	5.04811e+07	6.96293e+07	1.21232e+08	1.21422e+08	147827    	674711    	70023.2   	73051.8   	108646    
36516.854202	5.05184e+07	6.97219e+07	1.2152e+08	1.21711e+08	147996    	676990    	70136.7   	73164.8   	108819    
36610.487159	5.05557e+07	6.98144e+07	1.21808e+08	1.21999e+08	148164    	679270    	70250.2   	73277.8   	108993    
36704.120116	5.05931e+07	6.9907e+07	1.22096e+08	1.22287e+08	148332    	681549    	70363.6   	73390.8   	109166    
36797.753073	5.06304e+07	6.99996e+07	1.22384e+08	1.22575e+08	148500    	683829    	70477.1   	73503.8   	109339    
36891.386030	5.06677e+07	7.00921e+07	1.22672e+08	1.22864e+08	148668    	686108    	70590.6   	73616.8   	109513    
36985.018987	5.0705e+07	7.01847e+07	1.2296e+08	1.23152e+08	148837    	688388    	70704     	73729.8   	109686    
37078.651944	5.07424e+07	7.02772e+07	1.23248e+08	1.2344e+08	149005    	690667    	70817.5   	73842.8   	109860    
37172.284901	5.07797e+07	7.03698e+07	1.23536e+08	1.23728e+08	149173    	692947    	70931     	73955.9   	110033    
37265.917858	5.0817e+07	7.04623e+07	1.23824e+08	1.24017e+08	149341    	695226    	71044.4   	74068.9   	110206    
37359.550815	5.08543e+07	7.05549e+07	1.24112e+08	1.24305e+08	149509    	697505    	71157.9   	74181.9   	110380    
37453.183772	5.08916e+07	7.06474e+07	1.244e+08 	1.24593e+08	149677    	699785    	71271.4   	74294.9   	110553    
37546.816728	5.0929e+07	7.074e+07 	1.24688e+08	1.24882e+08	149846    	702064    	71384.8   	74407.9   	110727    
37640.449685	5.09663e+07	7.08325e+07	1.24976e+08	1.2517e+08	150014    	704344    	71498.3   	74520.9   	110900    
37734.082642	5.10036e+07	7.09251e+07	1.25264e+08	1.25458e+08	150182    	706623    	71611.8   	74633.9   	111073    
37827.715599	5.10409e+07	7.10176e+07	1.25552e+08	1.25746e+08	150350    	708903    	71725.3   	74746.9   	111247    
37921.348556	5.10782e+07	7.11102e+07	1.2584e+08	1.26035e+08	150518    	711182    	71838.7   	74860     	111420    
38014.981513	5.11151e+07	7.12021e+07	1.26127e+08	1.26323e+08	150686    	713468    	71951.9   	74972.7   	111593    
38108.614470	5.11497e+07	7.12909e+07	1.26414e+08	1.26609e+08	150849    	715786    	72063.8   	75084     	111764    
38202.247427	5.11842e+07	7.13797e+07	1.267e+08 	1.26896e+08	151012    	718105    	72175.6   	75195.3   	111935    
38295.880384	5.12187e+07	7.14685e+07	1.26987e+08	1.27183e+08	151175    	720424    	72287.4   	75306.6   	112106    
38389.513341	5.12533e+07	7.15573e+07	1.27273e+08	1.2747e+08	151337    	722742    	72399.3   	75417.9   	112277    
38483.146298	5.12878e+07	7.16461e+07	1.2756e+08	1.27757e+08	151500    	725061    	72511.1   	75529.1   	112448    
38576.779255	5.13223e+07	7.17349e+07	1.27847e+08	1.28043e+08	151663    	727380    	72622.9   	75640.4   	112619    
38670.412212	5.13569e+07	7.18237e+07	1.28133e+08	1.2833e+08	151826    	729699    	72734.8   	75751.7   	112790    
38764.045169	5.13914e+07	7.19125e+07	1.2842e+08	1.28617e+08	151989    	732017    	72846.6   	75863     	112961    
38857.678125	5.14259e+07	7.20013e+07	1.28706e+08	1.28904e+08	152152    	734336    	72958.4   	75974.3   	113132    
38951.311082	5.14605e+07	7.20901e+07	1.28993e+08	1.29191e+08	152315    	736655    	73070.3   	76085.6   	113303    
39044.944039	5.1495e+07	7.21789e+07	1.29279e+08	1.29477e+08	152478    	738973    	73182.1   	76196.9   	113474    
39138.576996	5.15295e+07	7.22677e+07	1.29566e+08	1.29764e+08	152641    	741292    	73293.9   	76308.2   	113645    
39232.209953	5.15641e+07	7.23565e+07	1.29852e+08	1.30051e+08	152804    	743611    	73405.8   	76419.5   	113816    
39325.842910	5.15986e+07	7.24453e+07	1.30139e+08	1.30338e+08	152967    	745929    	73517.6   	76530.8   	113987    
39419.475867	5.16332e+07	7.25341e+07	1.30425e+08	1.30625e+08	153130    	748248    	73629.4   	76642     	114157    
39513.108824	5.16677e+07	7.26229e+07	1.30712e+08	1.30912e+08	153293    	750567    	73741.3   	76753.3   	114328    
39606.741781	5.17022e+07	7.27117e+07	1.30998e+08	1.31198e+08	153455    	752885    	73853.1   	76864.6   	114499    
39700.374738	5.17368e+07	7.28005e+07	1.31285e+08	1.31485e+08	153618    	755204    	73965     	76975.9   	114670    
39794.007695	5.17713e+07	7.28893e+07	1.31571e+08	1.31772e+08	153781    	757523    	74076.8   	77087.2   	114841    
39887.640652	5.18058e+07	7.29781e+07	1.31858e+08	1.32059e+08	153944    	759842    	74188.6   	77198.5   	115012    
39981.273609	5.18404e+07	7.30669e+07	1.32145e+08	1.32346e+08	154107    	762160    	74300.5   	77309.8   	115183    
40074.906566	5.18729e+07	7.31529e+07	1.3243e+08	1.32631e+08	154266    	764509    	74411     	77419.8   	115352    
40168.539522	5.1905e+07	7.32382e+07	1.32715e+08	1.32917e+08	154424    	766866    	74521.3   	77529.5   	115521    
40262.172479	5.1937e+07	7.33236e+07	1.33e+08  	1.33202e+08	154582    	769223    	74631.5   	77639.1   	115690    
40355.805436	5.1969e+07	7.34089e+07	1.33286e+08	1.33488e+08	154741    	771580    	74741.8   	77748.8   	115858    
40449.438393	5.20011e+07	7.34943e+07	1.33571e+08	1.33773e+08	154899    	773936    	74852     	77858.5   	116027    
40543.071350	5.20331e+07	7.35796e+07	1.33856e+08	1.34058e+08	155057    	776293    	74962.3   	77968.2   	116196    
40636.704307	5.20652e+07	7.3665e+07	1.34141e+08	1.34344e+08	155215    	778650    	75072.5   	78077.8   	116364    
40730.337264	5.20972e+07	7.37503e+07	1.34426e+08	1.34629e+08	155373    	781006    	75182.8   	78187.5   	116533    
40823.970221	5.21293e+07	7.38356e+07	1.34711e+08	1.34915e+08	155531    	783363    	75293.1   	78297.2   	116701    
40917.603178	5.21613e+07	7.3921e+07	1.34997e+08	1.352e+08 	155689    	785720    	75403.3   	78406.8   	116870    
41011.236135	5.21934e+07	7.40063e+07	1.35282e+08	1.35486e+08	155847    	788077    	75513.6   	78516.5   	117039    
41104.869092	5.22254e+07	7.40917e+07	1.35567e+08	1.35771e+08	156005    	790433    	75623.8   	78626.2   	117207    
41198.502049	5.22575e+07	7.4177e+07	1.35852e+08	1.36057e+08	156163    	792790    	75734.1   	78735.9   	117376    
41292.135006	5.22895e+07	7.42623e+07	1.36137e+08	1.36342e+08	156321    	795147    	75844.3   	78845.5   	117545    
41385.767963	5.23216e+07	7.43477e+07	1.36423e+08	1.36627e+08	156480    	797504    	75954.6   	78955.2   	117713    
41479.400919	5.23536e+07	7.4433e+07	1.36708e+08	1.36913e+08	156638    	799860    	76064.8   	79064.9   	117882    
41573.033876	5.23856e+07	7.45184e+07	1.36993e+08	1.37198e+08	156796    	802217    	76175.1   	79174.6   	118051    
41666.666833	5.24177e+07	7.46037e+07	1.37278e+08	1.37484e+08	156954    	804574    	76285.3   	79284.2   	118219    
41760.299790	5.24497e+07	7.4689e+07	1.37563e+08	1.37769e+08	157112    	806931    	76395.6   	79393.9   	118388    
41853.932747	5.24818e+07	7.47744e+07	1.37848e+08	1.38055e+08	157270    	809287    	76505.8   	79503.6   	118557    
41947.565704	5.25138e+07	7.48597e+07	1.38134e+08	1.3834e+08	157428    	811644    	76616.1   	79613.3   	118725    
42041.198661	5.25449e+07	7.49437e+07	1.38418e+08	1.38625e+08	157584    	814017    	76725.7   	79722.3   	118893    
42134.831618	5.25747e+07	7.50258e+07	1.38702e+08	1.38909e+08	157738    	816412    	76834.4   	79830.4   	119059    
42228.464575	5.26045e+07	7.5108e+07	1.38986e+08	1.39193e+08	157892    	818806    	76943.1   	79938.5   	119226    
42322.097532	5.26343e+07	7.51901e+07	1.3927e+08	1.39477e+08	158045    	821200    	77051.8   	80046.7   	119392    
42415.730489	5.26641e+07	7.52723e+07	1.39554e+08	1.39761e+08	158199    	823595    	77160.6   	80154.8   	119559    
42509.363446	5.26939e+07	7.53544e+07	1.39838e+08	1.40046e+08	158353    	825989    	77269.3   	80263     	119725    
42602.996403	5.27238e+07	7.54366e+07	1.40122e+08	1.4033e+08	158506    	828384    	77378     	80371.1   	119892    
42696.629360	5.27536e+07	7.55187e+07	1.40406e+08	1.40614e+08	158660    	830778    	77486.7   	80479.3   	120058    
42790.262316	5.27834e+07	7.56009e+07	1.40689e+08	1.40898e+08	158813    	833172    	77595.4   	80587.4   	120225    
42883.895273	5.28132e+07	7.5683e+07	1.40973e+08	1.41182e+08	158967    	835567    	77704.2   	80695.6   	120391    
42977.528230	5.2843e+07	7.57652e+07	1.41257e+08	1.41466e+08	159121    	837961    	77812.9   	80803.7   	120558    
43071.161187	5.28728e+07	7.58473e+07	1.41541e+08	1.41751e+08	159274    	840356    	77921.6   	80911.9   	120724    
43164.794144	5.29026e+07	7.59295e+07	1.41825e+08	1.42035e+08	159428    	842750    	78030.3   	81020     	120891    
43258.427101	5.29324e+07	7.60116e+07	1.42109e+08	1.42319e+08	159582    	845144    	78139     	81128.2   	121057    
43352.060058	5.29622e+07	7.60938e+07	1.42393e+08	1.42603e+08	159735    	847539    	78247.8   	81236.3   	121224    
43445.693015	5.29921e+07	7.61759e+07	1.42677e+08	1.42887e+08	159889    	849933    	78356.5   	81344.5   	121390    
43539.325972	5.30219e+07	7.62581e+07	1.42961e+08	1.43171e+08	160043    	852328    	78465.2   	81452.6   	121557    
43632.958929	5.30517e+07	7.63402e+07	1.43245e+08	1.43455e+08	160196    	854722    	78573.9   	81560.8   	121723    
43726.591886	5.30815e+07	7.64224e+07	1.43529e+08	1.4374e+08	160350    	857116    	78682.6   	81668.9   	121890    
43820.224843	5.31113e+07	7.65045e+07	1.43812e+08	1.44024e+08	160504    	859511    	78791.4   	81777     	122056    
43913.857800	5.31411e+07	7.65867e+07	1.44096e+08	1.44308e+08	160657    	861905    	78900.1   	81885.2   	122223    
44007.490757	5.31708e+07	7.66686e+07	1.4438e+08	1.44592e+08	160811    	864303    	79008.7   	81993.2   	122389    
44101.123713	5.31986e+07	7.67478e+07	1.44663e+08	1.44875e+08	160960    	866735    	79115.9   	82099.9   	122554    
44194.756670	5.32264e+07	7.6827e+07	1.44946e+08	1.45158e+08	161110    	869167    	79223.1   	82206.6   	122718    
44288.389627	5.32542e+07	7.69062e+07	1.45228e+08	1.45441e+08	161259    	871599    	79330.4   	82313.3   	122882    
44382.022584	5.3282e+07	7.69854e+07	1.45511e+08	1.45724e+08	161409    	874030    	79437.6   	82420     	123047    
44475.655541	5.33097e+07	7.70646e+07	1.45794e+08	1.46007e+08	161558    	876462    	79544.8   	82526.7   	123211    
44569.288498	5.33375e+07	7.71438e+07	1.46076e+08	1.46289e+08	161708    	878894    	79652.1   	82633.4   	123376    
44662.921455	5.33653e+07	7.7223e+07	1.46359e+08	1.46572e+08	161857    	881326    	79759.3   	82740.1   	123540    
44756.554412	5.33931e+07	7.73022e+07	1.46642e+08	1.46855e+08	162007    	883758    	79866.5   	82846.8   	123705    
44850.187369	5.34209e+07	7.73814e+07	1.46925e+08	1.47138e+08	162156    	886190    	79973.7   	82953.5   	123869    
44943.820326	5.34487e+07	7.74606e+07	1.47207e+08	1.47421e+08	162306    	888622    	80081     	83060.2   	124034    
45037.453283	5.34765e+07	7.75398e+07	1.4749e+08	1.47704e+08	162455    	891054    	80188.2   	83166.9   	124198    
45131.086240	5.35043e+07	7.7619e+07	1.47773e+08	1.47987e+08	162605    	893486    	80295.4   	83273.6   	124362    
45224.719197	5.35321e+07	7.76982e+07	1.48055e+08	1.4827e+08	162755    	895918    	80402.7   	83380.2   	124527    
45318.352154	5.35599e+07	7.77774e+07	1.48338e+08	1.48553e+08	162904    	898350    	80509.9   	83486.9   	124691    
45411.985110	5.35877e+07	7.78566e+07	1.48621e+08	1.48836e+08	163054    	900782    	80617.1   	83593.6   	124856    
45505.618067	5.36155e+07	7.79358e+07	1.48903e+08	1.49119e+08	163203    	903214    	80724.3   	83700.3   	125020    
45599.251024	5.36433e+07	7.8015e+07	1.49186e+08	1.49402e+08	163353    	905646    	80831.6   	83807     	125185    
45692.883981	5.36711e+07	7.80941e+07	1.49469e+08	1.49685e+08	163502    	908078    	80938.8   	83913.7   	125349    
45786.516938	5.36989e+07	7.81733e+07	1.49752e+08	1.49967e+08	163652    	910510    	81046     	84020.4   	125514    
45880.149895	5.37267e+07	7.82525e+07	1.50034e+08	1.5025e+08	163801    	912942    	81153.3   	84127.1   	125678    
45973.782852	5.37545e+07	7.83317e+07	1.50317e+08	1.50533e+08	163951    	915374    	81260.5   	84233.8   	125842    
46067.415809	5.3781e+07	7.8409e+07	1.50599e+08	1.50815e+08	164098    	917833    	81366.7   	84339.5   	126005    
46161.048766	5.3807e+07	7.84854e+07	1.5088e+08	1.51097e+08	164243    	920303    	81472.4   	84444.8   	126168    
46254.681723	5.3833e+07	7.85619e+07	1.51162e+08	1.51379e+08	164389    	922772    	81578.2   	84550.1   	126330    
46348.314680	5.38589e+07	7.86383e+07	1.51444e+08	1.51661e+08	164535    	925241    	81684     	84655.4   	126493    
46441.947637	5.38849e+07	7.87148e+07	1.51725e+08	1.51942e+08	164680    	927711    	81789.8   	84760.7   	126655    
46535.580594	5.39109e+07	7.87912e+07	1.52007e+08	1.52224e+08	164826    	930180    	81895.5   	84866     	126818    
46629.213551	5.39369e+07	7.88677e+07	1.52288e+08	1.52506e+08	164972    	932650    	82001.3   	84971.3   	126980    
46722.846507	5.39628e+07	7.89441e+07	1.5257e+08	1.52788e+08	165118    	935119    	82107.1   	85076.6   	127143    
46816.479464	5.39888e+07	7.90206e+07	1.52851e+08	1.5307e+08	165263    	937589    	82212.8   	85181.9   	127305    
46910.112421	5.40148e+07	7.90971e+07	1.53133e+08	1.53351e+08	165409    	940058    	82318.6   	85287.2   	127468    
47003.745378	5.40408e+07	7.91735e+07	1.53415e+08	1.53633e+08	165555    	942528    	82424.4   	85392.5   	127630    
47097.378335	5.40667e+07	7.925e+07 	1.53696e+08	1.53915e+08	165701    	944997    	82530.2   	85497.9   	127793    
47191.011292	5.40927e+07	7.93264e+07	1.53978e+08	1.54197e+08	165846    	947467    	82635.9   	85603.2   	127955    
47284.644249	5.41187e+07	7.94029e+07	1.54259e+08	1.54478e+08	165992    	949936    	82741.7   	85708.5   	128118    
47378.277206	5.41447e+07	7.94793e+07	1.54541e+08	1.5476e+08	166138    	952406    	82847.5   	85813.8   	128280    
47471.910163	5.41707e+07	7.95558e+07	1.54822e+08	1.55042e+08	166283    	954875    	82953.3   	85919.1   	128443    
47565.543120	5.41966e+07	7.96322e+07	1.55104e+08	1.55324e+08	166429    	957345    	83059     	86024.4   	128605    
47659.176077	5.42226e+07	7.97087e+07	1.55385e+08	1.55605e+08	166575    	959814    	83164.8   	86129.7   	128768    
47752.809034	5.42486e+07	7.97852e+07	1.55667e+08	1.55887e+08	166721    	962283    	83270.6   	86235     	128930    
47846.441991	5.42746e+07	7.98616e+07	1.55949e+08	1.56169e+08	166866    	964753    	83376.3   	86340.3   	129093    
47940.074948	5.43005e+07	7.99381e+07	1.5623e+08	1.56451e+08	167012    	967222    	83482.1   	86445.6   	129255    
48033.707904	5.43259e+07	8.00136e+07	1.56511e+08	1.56732e+08	167156    	969705    	83587.4   	86550.4   	129417    
48127.340861	5.43502e+07	8.00875e+07	1.56792e+08	1.57013e+08	167299    	972211    	83691.7   	86654.4   	129578    
48220.973818	5.43746e+07	8.01614e+07	1.57072e+08	1.57293e+08	167441    	974718    	83796.1   	86758.4   	129738    
48314.606775	5.43989e+07	8.02353e+07	1.57353e+08	1.57574e+08	167583    	977224    	83900.4   	86862.3   	129899    
48408.239732	5.44232e+07	8.03092e+07	1.57633e+08	1.57855e+08	167725    	979730    	84004.8   	86966.3   	130059    
48501.872689	5.44475e+07	8.03831e+07	1.57914e+08	1.58135e+08	167867    	982236    	84109.1   	87070.2   	130220    
48595.505646	5.44719e+07	8.0457e+07	1.58194e+08	1.58416e+08	168009    	984743    	84213.5   	87174.2   	130381    
48689.138603	5.44962e+07	8.05309e+07	1.58475e+08	1.58697e+08	168152    	987249    	84317.8   	87278.2   	130541    
48782.771560	5.45205e+07	8.06048e+07	1.58755e+08	1.58977e+08	168294    	989755    	84422.2   	87382.1   	130702    
48876.404517	5.45448e+07	8.06787e+07	1.59036e+08	1.59258e+08	168436    	992261    	84526.5   	87486.1   	130863    
48970.037474	5.45692e+07	8.07526e+07	1.59316e+08	1.59539e+08	168578    	994767    	84630.9   	87590.1   	131023    
49063.670431	5.45935e+07	8.08265e+07	1.59597e+08	1.59819e+08	168720    	997274    	84735.2   	87694     	131184    
49157.303388	5.46178e+07	8.09004e+07	1.59877e+08	1.601e+08 	168862    	999780    	84839.5   	87798     	131344    
49250.936345	5.46421e+07	8.09743e+07	1.60158e+08	1.60381e+08	169005    	1.00229e+06	84943.9   	87902     	131505    
49344.569301	5.46665e+07	8.10482e+07	1.60438e+08	1.60661e+08	169147    	1.00479e+06	85048.2   	88005.9   	131666    
49438.202258	5.46908e+07	8.11221e+07	1.60719e+08	1.60942e+08	169289    	1.0073e+06	85152.6   	88109.9   	131826    
49531.835215	5.47151e+07	8.1196e+07	1.60999e+08	1.61223e+08	169431    	1.0098e+06	85256.9   	88213.9   	131987    
49625.468172	5.47395e+07	8.12699e+07	1.6128e+08	1.61503e+08	169573    	1.01231e+06	85361.3   	88317.8   	132147    
49719.101129	5.47638e+07	8.13438e+07	1.6156e+08	1.61784e+08	169715    	1.01482e+06	85465.6   	88421.8   	132308    
49812.734086	5.47881e+07	8.14177e+07	1.61841e+08	1.62065e+08	169858    	1.01732e+06	85570     	88525.8   	132469    
49906.367043	5.48124e+07	8.14916e+07	1.62121e+08	1.62345e+08	170000    	1.01983e+06	85674.3   	88629.7   	132629    
50000.000000	5.48368e+07	8.15655e+07	1.62402e+08	1.62626e+08	170142    	1.02234e+06	85778.7   	88733.7   	132790    
