*Tele   CsI  Peak     Voltage     Channel
0 0  1 0.01 84.793
0 0  1 0.019 94.958
0 0  2 0.028 105.515
0 0  3 0.037 115.902
0 0  4 0.046 126.538
0 0  5 0.051 132.7
0 0  6 0.055 136.318
0 0  7 0.064 147.175
0 0  8 0.073 158.225
0 0  9 0.082 169.268
0 0  10 0.091 180.454
0 0  11 0.1 191.5
0 0  12 0.149 251.2
0 0  13 0.198 310.4
0 0  14 0.247 369.3
0 0  15 0.296 428
0 0  16 0.345 487
0 0  17 0.394 545.9
0 0  18 0.443 604.6
0 0  19 0.492 664.4
0 0  20 0.541 723.1
0 0  21 0.59 782.1
0 0  22 0.639 840.7
0 0  23 0.688 899.4
0 0  24 0.737 958.2
0 0  25 0.786 1016.9
0 0  26 0.835 1075.7
0 0  27 0.884 1134.6
0 0  28 0.933 1193.5
0 0  29 0.982 1251.8
0 0  30 1.031 1309.5
0 0  31 1.08 1366.8
0 0  32 1.129 1423.7
0 0  33 1.178 1479.8
0 0  34 1.227 1535.7
0 0  35 1.276 1591.6
0 0  36 1.325 1646
0 0  37 1.374 1699.9
0 0  38 1.423 1753.5
0 0  39 1.472 1806.5
0 0  40 1.521 1860.2
0 0  41 1.57 1912.5
0 0  42 1.619 1964.5
0 0  43 1.668 2016.2
0 0  44 1.717 2067.9
0 0  45 1.766 2120.1
0 0  46 1.815 2171.3
0 0  47 1.864 2222.4
0 0  48 1.913 2273.4
0 0  49 1.962 2325.1
0 0  50 2.011 2375.8
0 0  51 2.06 2426.5
0 0  52 2.109 2476.9
0 0  53 2.158 2528.3
0 0  54 2.207 2578.9
0 0  55 2.256 2629.3
0 0  56 2.305 2679.7
0 0  57 2.354 2730.9
0 0  58 2.403 2781.2
0 0  59 2.452 2831.4
0 0  60 2.501 2881.7
0 0  61 2.55 2932.7
0 0  62 2.599 2982.9
0 0  63 2.648 3033
0 0  64 2.697 3083
0 0  65 2.746 3133.5
0 0  66 2.795 3184.1
0 0  67 2.844 3234.2
0 0  68 2.893 3284.2
0 0  69 2.942 3334.5
0 0  70 2.991 3385.3
0 0  71 3.04 3435.2
0 0  72 3.089 3485.2
0 0  73 3.138 3535.1
0 0  74 3.187 3586
0 0  75 3.236 3635.9
0 0  76 3.285 3685.7
0 0  77 3.334 3735.5
0 0  78 3.383 3786
0 0  79 3.432 3834.8
0 0  80 3.481 3882
0 0  81 3.53 3927.5
0 0  82 3.579 3967.4
0 1  1 0.01 71.037
0 1  2 0.019 80.746
0 1  3 0.028 90.699
0 1  4 0.037 100.375
0 1  5 0.046 110.35
0 1  6 0.055 120.454
0 1  7 0.064 130.518
0 1  8 0.073 139.867
0 1  9 0.082 150.291
0 1  10 0.091 160.634
0 1  11 0.1 171.1
0 1  12 0.149 227
0 1  13 0.198 282.7
0 1  14 0.247 338
0 1  15 0.296 394.3
0 1  16 0.345 449.5
0 1  17 0.394 504.8
0 1  18 0.443 559.8
0 1  19 0.492 615.1
0 1  20 0.541 670.2
0 1  21 0.59 726.6
0 1  22 0.639 781.9
0 1  23 0.688 837
0 1  24 0.737 892.2
0 1  25 0.786 947.2
0 1  26 0.835 1002.5
0 1  27 0.884 1058.4
0 1  28 0.933 1113.2
0 1  29 0.982 1167.9
0 1  30 1.031 1222.1
0 1  31 1.08 1276
0 1  32 1.129 1330.3
0 1  33 1.178 1383
0 1  34 1.227 1435.3
0 1  35 1.276 1486.8
0 1  36 1.325 1538
0 1  37 1.374 1589.6
0 1  38 1.423 1639.8
0 1  39 1.472 1689.6
0 1  40 1.521 1739.1
0 1  41 1.57 1789.2
0 1  42 1.619 1838.1
0 1  43 1.668 1886.6
0 1  44 1.717 1935
0 1  45 1.766 1984.1
0 1  46 1.815 2032.1
0 1  47 1.864 2080.1
0 1  48 1.913 2128.9
0 1  49 1.962 2176.6
0 1  50 2.011 2224.3
0 1  51 2.06 2271.9
0 1  52 2.109 2320.3
0 1  53 2.158 2367.7
0 1  54 2.207 2415.1
0 1  55 2.256 2463.4
0 1  56 2.305 2510.5
0 1  57 2.354 2557.7
0 1  58 2.403 2605
0 1  59 2.452 2653
0 1  60 2.501 2700.2
0 1  61 2.55 2747.3
0 1  62 2.599 2795.3
0 1  63 2.648 2842.3
0 1  64 2.697 2889.4
0 1  65 2.746 2936.3
0 1  66 2.795 2984.2
0 1  67 2.844 3031.1
0 1  68 2.893 3078
0 1  69 2.942 3126.1
0 1  70 2.991 3173
0 1  71 3.04 3219.9
0 1  72 3.089 3266.8
0 1  73 3.138 3314.6
0 1  74 3.187 3361.4
0 1  75 3.236 3408.1
0 1  76 3.285 3456
0 1  77 3.334 3502.7
0 1  78 3.383 3549.5
0 1  79 3.432 3597.2
0 1  80 3.481 3643.9
0 1  81 3.53 3690.7
0 1  82 3.579 3737.2
0 1  83 3.628 3784.7
0 1  84 3.677 3830.7
0 1  85 3.726 3876.6
0 1  86 3.775 3923.8
0 1  87 3.824 3970.1
0 2  1 0.01 83.084
0 2  2 0.019 92.936
0 2  3 0.028 103.039
0 2  4 0.037 113.047
0 2  5 0.046 123.233
0 2  6 0.051 129.1
0 2  7 0.055 133.487
0 2  8 0.064 142.909
0 2  9 0.073 153.325
0 2  10 0.082 164.046
0 2  11 0.091 174.562
0 2  12 0.1 185.1
0 2  13 0.149 241.9
0 2  14 0.198 298.6
0 2  15 0.247 354.7
0 2  16 0.296 411
0 2  17 0.345 467.6
0 2  18 0.394 524.3
0 2  19 0.443 580.4
0 2  20 0.492 636.7
0 2  21 0.541 692.8
0 2  22 0.59 749.2
0 2  23 0.639 805.2
0 2  24 0.688 862.4
0 2  25 0.737 918.6
0 2  26 0.786 974.6
0 2  27 0.835 1030.8
0 2  28 0.884 1086.7
0 2  29 0.933 1142.3
0 2  30 0.982 1199
0 2  31 1.031 1254.2
0 2  32 1.08 1309
0 2  33 1.129 1363.2
0 2  34 1.178 1416.8
0 2  35 1.227 1470
0 2  36 1.276 1523.6
0 2  37 1.325 1575.6
0 2  38 1.374 1627.2
0 2  39 1.423 1678.2
0 2  40 1.472 1730
0 2  41 1.521 1780.2
0 2  42 1.57 1830.2
0 2  43 1.619 1879.7
0 2  44 1.668 1930.2
0 2  45 1.717 1979.4
0 2  46 1.766 2028.2
0 2  47 1.815 2077.1
0 2  48 1.864 2126.9
0 2  49 1.913 2175.4
0 2  50 1.962 2224
0 2  51 2.011 2272.4
0 2  52 2.06 2321.6
0 2  53 2.109 2369.9
0 2  54 2.158 2418.1
0 2  55 2.207 2467.2
0 2  56 2.256 2515.2
0 2  57 2.305 2563.2
0 2  58 2.354 2611.1
0 2  59 2.403 2660.2
0 2  60 2.452 2708
0 2  61 2.501 2756
0 2  62 2.55 2803.8
0 2  63 2.599 2852.7
0 2  64 2.648 2900.4
0 2  65 2.697 2948.2
0 2  66 2.746 2996.9
0 2  67 2.795 3044.6
0 2  68 2.844 3092.2
0 2  69 2.893 3140
0 2  70 2.942 3188.8
0 2  71 2.991 3236.5
0 2  72 3.04 3284
0 2  73 3.089 3332.4
0 2  74 3.138 3380.3
0 2  75 3.187 3427.8
0 2  76 3.236 3475.3
0 2  77 3.285 3523.9
0 2  78 3.334 3571.4
0 2  79 3.383 3618.9
0 2  80 3.432 3666.7
0 2  81 3.481 3714.8
0 2  82 3.53 3762.1
0 2  83 3.579 3808.8
0 2  84 3.628 3856.1
0 2  85 3.677 3901.3
0 2  86 3.726 3946.4
0 2  87 3.775 3993.2
0 3  1 0.01 36.605
0 3  2 0.019 46.578
0 3  3 0.028 56.577
0 3  4 0.037 66.098
0 3  5 0.046 74.79
0 3  6 0.055 84.492
0 3  7 0.064 94.036
0 3  8 0.073 103.765
0 3  9 0.082 113.465
0 3  10 0.091 123.37
0 3  11 0.1 133.2
0 3  12 0.149 186.7
0 3  13 0.198 240.4
0 3  14 0.247 293.8
0 3  15 0.296 347.1
0 3  16 0.345 400.6
0 3  17 0.394 454.7
0 3  18 0.443 507.8
0 3  19 0.492 561.1
0 3  20 0.541 614.3
0 3  21 0.59 668
0 3  22 0.639 722
0 3  23 0.688 775.4
0 3  24 0.737 828.6
0 3  25 0.786 881.7
0 3  26 0.835 935
0 3  27 0.884 989
0 3  28 0.933 1041.8
0 3  29 0.982 1094.7
0 3  30 1.031 1147
0 3  31 1.08 1200
0 3  32 1.129 1251.6
0 3  33 1.178 1302.6
0 3  34 1.227 1353.1
0 3  35 1.276 1402.9
0 3  36 1.325 1453.3
0 3  37 1.374 1502.2
0 3  38 1.423 1550.6
0 3  39 1.472 1599.5
0 3  40 1.521 1647.5
0 3  41 1.57 1695
0 3  42 1.619 1742.1
0 3  43 1.668 1790
0 3  44 1.717 1836.8
0 3  45 1.766 1883.2
0 3  46 1.815 1930.4
0 3  47 1.864 1976.7
0 3  48 1.913 2022.8
0 3  49 1.962 2068.8
0 3  50 2.011 2115.7
0 3  51 2.06 2161.6
0 3  52 2.109 2207.4
0 3  53 2.158 2254.1
0 3  54 2.207 2299.9
0 3  55 2.256 2345.5
0 3  56 2.305 2392
0 3  57 2.354 2437.5
0 3  58 2.403 2482.9
0 3  59 2.452 2529.3
0 3  60 2.501 2574.8
0 3  61 2.55 2620.2
0 3  62 2.599 2666.4
0 3  63 2.648 2711.8
0 3  64 2.697 2757.2
0 3  65 2.746 2802.5
0 3  66 2.795 2848.7
0 3  67 2.844 2893.9
0 3  68 2.893 2939.1
0 3  69 2.942 2985.5
0 3  70 2.991 3030.6
0 3  71 3.04 3075.7
0 3  72 3.089 3121.8
0 3  73 3.138 3167
0 3  74 3.187 3212.1
0 3  75 3.236 3258.2
0 3  76 3.285 3303.2
0 3  77 3.334 3348.2
0 3  78 3.383 3394.3
0 3  79 3.432 3439.3
0 3  80 3.481 3484.2
0 3  81 3.53 3530.4
0 3  82 3.579 3575.3
0 3  83 3.628 3620.4
0 3  84 3.677 3666.1
0 3  85 3.726 3711.2
0 3  86 3.775 3756.1
0 3  87 3.824 3801.1
0 3  88 3.873 3847
0 3  89 3.922 3891.6
0 3  90 3.971 3936.3
0 3  91 4.02 3981.8
1 0  1 0.01 95.273
1 0  2 0.019 105.751
1 0  3 0.028 116.137
1 0  4 0.037 126.373
1 0  5 0.046 135.886
1 0  6 0.051 142
1 0  7 0.055 146.585
1 0  8 0.064 157.361
1 0  9 0.073 168.177
1 0  10 0.082 179.254
1 0  11 0.091 190.09
1 0  12 0.1 200.5
1 0  13 0.149 259.8
1 0  14 0.198 318.2
1 0  15 0.247 376.3
1 0  16 0.296 434.4
1 0  17 0.345 492.5
1 0  18 0.394 550.6
1 0  19 0.443 608.7
1 0  20 0.492 667.5
1 0  21 0.541 726
1 0  22 0.59 784.2
1 0  23 0.639 842.1
1 0  24 0.688 900.1
1 0  25 0.737 958.3
1 0  26 0.786 1016
1 0  27 0.835 1074.2
1 0  28 0.884 1132.8
1 0  29 0.933 1190.6
1 0  30 0.982 1248
1 0  31 1.031 1305.1
1 0  32 1.08 1361.7
1 0  33 1.129 1417.8
1 0  34 1.178 1473.3
1 0  35 1.227 1529.1
1 0  36 1.276 1583.4
1 0  37 1.325 1637.2
1 0  38 1.374 1690.4
1 0  39 1.423 1743.1
1 0  40 1.472 1796.6
1 0  41 1.521 1848.6
1 0  42 1.57 1900.2
1 0  43 1.619 1951.6
1 0  44 1.668 2002.6
1 0  45 1.717 2054.5
1 0  46 1.766 2105.2
1 0  47 1.815 2155.8
1 0  48 1.864 2206.4
1 0  49 1.913 2257.6
1 0  50 1.962 2307.9
1 0  51 2.011 2357.9
1 0  52 2.06 2407.9
1 0  53 2.109 2458.9
1 0  54 2.158 2508.6
1 0  55 2.207 2558.7
1 0  56 2.256 2608.5
1 0  57 2.305 2659.1
1 0  58 2.354 2708.8
1 0  59 2.403 2758.6
1 0  60 2.452 2808.2
1 0  61 2.501 2859
1 0  62 2.55 2908.5
1 0  63 2.599 2957.9
1 0  64 2.648 3007.4
1 0  65 2.697 3058
1 0  66 2.746 3107.5
1 0  67 2.795 3156.9
1 0  68 2.844 3206.4
1 0  69 2.893 3256.9
1 0  70 2.942 3306.4
1 0  71 2.991 3355.8
1 0  72 3.04 3405.1
1 0  73 3.089 3455.3
1 0  74 3.138 3504.6
1 0  75 3.187 3554.1
1 0  76 3.236 3603.2
1 0  77 3.285 3653.9
1 0  78 3.334 3703
1 0  79 3.383 3752
1 0  80 3.432 3801.1
1 0  81 3.481 3849.6
1 0  82 3.53 3895.7
1 0  83 3.579 3938.3
1 0  84 3.628 3978.3
1 1  1 0.01 81.035
1 1  2 0.019 91.57
1 1  3 0.028 101.997
1 1  4 0.037 112.147
1 1  5 0.046 122.54
1 1  6 0.051 128.5
1 1  7 0.055 133.081
1 1  8 0.064 142.429
1 1  9 0.073 153.066
1 1  10 0.082 163.782
1 1  11 0.091 174.578
1 1  12 0.1 185.3
1 1  13 0.149 243
1 1  14 0.198 300.6
1 1  15 0.247 357.8
1 1  16 0.296 415
1 1  17 0.345 472.2
1 1  18 0.394 530.4
1 1  19 0.443 587.6
1 1  20 0.492 644.9
1 1  21 0.541 702.1
1 1  22 0.59 759.4
1 1  23 0.639 816.7
1 1  24 0.688 873.8
1 1  25 0.737 932
1 1  26 0.786 989.1
1 1  27 0.835 1046.4
1 1  28 0.884 1103.4
1 1  29 0.933 1160.2
1 1  30 0.982 1216.8
1 1  31 1.031 1273.1
1 1  32 1.08 1330
1 1  33 1.129 1385.3
1 1  34 1.178 1440
1 1  35 1.227 1494.2
1 1  36 1.276 1547.8
1 1  37 1.325 1600.8
1 1  38 1.374 1654.5
1 1  39 1.423 1706.4
1 1  40 1.472 1758.2
1 1  41 1.521 1809.5
1 1  42 1.57 1861.5
1 1  43 1.619 1912.1
1 1  44 1.668 1962.4
1 1  45 1.717 2012.7
1 1  46 1.766 2063.6
1 1  47 1.815 2113.4
1 1  48 1.864 2163.3
1 1  49 1.913 2212.8
1 1  50 1.962 2263.4
1 1  51 2.011 2312.7
1 1  52 2.06 2362.1
1 1  53 2.109 2411.3
1 1  54 2.158 2461.4
1 1  55 2.207 2510.6
1 1  56 2.256 2559.6
1 1  57 2.305 2608.7
1 1  58 2.354 2658.6
1 1  59 2.403 2707.5
1 1  60 2.452 2756.4
1 1  61 2.501 2805.4
1 1  62 2.55 2855.2
1 1  63 2.599 2903.9
1 1  64 2.648 2952.6
1 1  65 2.697 3001.6
1 1  66 2.746 3051
1 1  67 2.795 3099.7
1 1  68 2.844 3148.3
1 1  69 2.893 3198.2
1 1  70 2.942 3247
1 1  71 2.991 3295.6
1 1  72 3.04 3344.1
1 1  73 3.089 3393.7
1 1  74 3.138 3442.3
1 1  75 3.187 3490.8
1 1  76 3.236 3539.2
1 1  77 3.285 3588.9
1 1  78 3.334 3637.4
1 1  79 3.383 3685.8
1 1  80 3.432 3734.3
1 1  81 3.481 3782.9
1 1  82 3.53 3829.9
1 1  83 3.579 3875.4
1 1  84 3.628 3920.2
1 1  85 3.677 3963
1 2  1 0.01 68.131
1 2  2 0.019 78.271
1 2  3 0.028 88.452
1 2  4 0.037 98.421
1 2  5 0.046 108.522
1 2  6 0.055 118.841
1 2  7 0.064 128.825
1 2  8 0.073 138.26
1 2  9 0.082 148.565
1 2  10 0.091 159.051
1 2  11 0.1 169.4
1 2  12 0.149 225.8
1 2  13 0.198 282.1
1 2  14 0.247 338
1 2  15 0.296 395
1 2  16 0.345 450.9
1 2  17 0.394 506.8
1 2  18 0.443 562.7
1 2  19 0.492 618.6
1 2  20 0.541 674.5
1 2  21 0.59 731.6
1 2  22 0.639 787.5
1 2  23 0.688 843.2
1 2  24 0.737 899.1
1 2  25 0.786 954.8
1 2  26 0.835 1010.7
1 2  27 0.884 1067.2
1 2  28 0.933 1122.7
1 2  29 0.982 1178
1 2  30 1.031 1233
1 2  31 1.08 1287.4
1 2  32 1.129 1341.4
1 2  33 1.178 1395.8
1 2  34 1.227 1448.7
1 2  35 1.276 1500.8
1 2  36 1.325 1552.6
1 2  37 1.374 1603.9
1 2  38 1.423 1655.7
1 2  39 1.472 1706.2
1 2  40 1.521 1756.3
1 2  41 1.57 1805.9
1 2  42 1.619 1856.3
1 2  43 1.668 1905.4
1 2  44 1.717 1954.3
1 2  45 1.766 2003
1 2  46 1.815 2052.5
1 2  47 1.864 2101.1
1 2  48 1.913 2149.4
1 2  49 1.962 2198.7
1 2  50 2.011 2246.9
1 2  51 2.06 2295.1
1 2  52 2.109 2343
1 2  53 2.158 2391.8
1 2  54 2.207 2439.9
1 2  55 2.256 2487.6
1 2  56 2.305 2535.3
1 2  57 2.354 2584.2
1 2  58 2.403 2631.9
1 2  59 2.452 2679.5
1 2  60 2.501 2728.3
1 2  61 2.55 2776
1 2  62 2.599 2823.5
1 2  63 2.648 2871
1 2  64 2.697 2919.5
1 2  65 2.746 2967.1
1 2  66 2.795 3014.5
1 2  67 2.844 3062.9
1 2  68 2.893 3110.4
1 2  69 2.942 3158.1
1 2  70 2.991 3205.5
1 2  71 3.04 3254
1 2  72 3.089 3301.3
1 2  73 3.138 3348.7
1 2  74 3.187 3397
1 2  75 3.236 3444.3
1 2  76 3.285 3491.7
1 2  77 3.334 3539.1
1 2  78 3.383 3587.4
1 2  79 3.432 3634.7
1 2  80 3.481 3682
1 2  81 3.53 3730.2
1 2  82 3.579 3777.1
1 2  83 3.628 3823.8
1 2  84 3.677 3869.8
1 2  85 3.726 3916.7
1 2  86 3.775 3962.9
1 3  1 0.01 93.559
1 3  2 0.019 103.73
1 3  3 0.028 113.603
1 3  4 0.037 123.384
1 3  5 0.046 133.277
1 3  6 0.051 138.1
1 3  7 0.055 142.447
1 3  8 0.064 152.492
1 3  9 0.073 162.651
1 3  10 0.082 173.031
1 3  11 0.091 183.246
1 3  12 0.1 193.6
1 3  13 0.149 249.1
1 3  14 0.198 304.4
1 3  15 0.247 359.3
1 3  16 0.296 414.2
1 3  17 0.345 469.3
1 3  18 0.394 525.3
1 3  19 0.443 580.2
1 3  20 0.492 635.2
1 3  21 0.541 690.2
1 3  22 0.59 745.3
1 3  23 0.639 800.6
1 3  24 0.688 856.1
1 3  25 0.737 911
1 3  26 0.786 965.8
1 3  27 0.835 1020.8
1 3  28 0.884 1075.5
1 3  29 0.933 1131
1 3  30 0.982 1185.4
1 3  31 1.031 1239.4
1 3  32 1.08 1293.2
1 3  33 1.129 1346.3
1 3  34 1.178 1399.5
1 3  35 1.227 1451.8
1 3  36 1.276 1503.2
1 3  37 1.325 1554.2
1 3  38 1.374 1604.5
1 3  39 1.423 1655.5
1 3  40 1.472 1705.2
1 3  41 1.521 1754.5
1 3  42 1.57 1803.3
1 3  43 1.619 1852.8
1 3  44 1.668 1901.3
1 3  45 1.717 1949.4
1 3  46 1.766 1998.4
1 3  47 1.815 2046
1 3  48 1.864 2093.8
1 3  49 1.913 2141.4
1 3  50 1.962 2189.8
1 3  51 2.011 2237.2
1 3  52 2.06 2284.5
1 3  53 2.109 2332.7
1 3  54 2.158 2379.8
1 3  55 2.207 2427.1
1 3  56 2.256 2474
1 3  57 2.305 2522
1 3  58 2.354 2568.9
1 3  59 2.403 2615.9
1 3  60 2.452 2663.7
1 3  61 2.501 2710.6
1 3  62 2.55 2757.5
1 3  63 2.599 2804.3
1 3  64 2.648 2852.1
1 3  65 2.697 2898.7
1 3  66 2.746 2945.4
1 3  67 2.795 2993
1 3  68 2.844 3039.6
1 3  69 2.893 3086.3
1 3  70 2.942 3133.6
1 3  71 2.991 3180.7
1 3  72 3.04 3227.3
1 3  73 3.089 3273.8
1 3  74 3.138 3321.5
1 3  75 3.187 3368.1
1 3  76 3.236 3414.4
1 3  77 3.285 3462
1 3  78 3.334 3508.5
1 3  79 3.383 3554.9
1 3  80 3.432 3601.6
1 3  81 3.481 3648.8
1 3  82 3.53 3695.3
1 3  83 3.579 3741.5
1 3  84 3.628 3788.5
1 3  85 3.677 3834.1
1 3  86 3.726 3879.9
1 3  87 3.775 3926.9
1 3  88 3.824 3973.2
2 0  1 0.01 62.526
2 0  2 0.019 71.819
2 0  3 0.028 82.505
2 0  4 0.037 92.717
2 0  5 0.046 103.32
2 0  6 0.055 113.938
2 0  7 0.064 124.525
2 0  8 0.073 134.631
2 0  9 0.082 145.072
2 0  10 0.091 156.029
2 0  11 0.1 166.9
2 0  12 0.149 225.8
2 0  13 0.198 284.3
2 0  14 0.247 342.8
2 0  15 0.296 401
2 0  16 0.345 460.5
2 0  17 0.394 518.9
2 0  18 0.443 577.2
2 0  19 0.492 635.5
2 0  20 0.541 693.8
2 0  21 0.59 752.3
2 0  22 0.639 810.6
2 0  23 0.688 868.7
2 0  24 0.737 928
2 0  25 0.786 986.2
2 0  26 0.835 1044.5
2 0  27 0.884 1102.4
2 0  28 0.933 1160.3
2 0  29 0.982 1218.1
2 0  30 1.031 1275.2
2 0  31 1.08 1333.2
2 0  32 1.129 1389.5
2 0  33 1.178 1445.1
2 0  34 1.227 1500.4
2 0  35 1.276 1554.9
2 0  36 1.325 1609
2 0  37 1.374 1663.5
2 0  38 1.423 1716.5
2 0  39 1.472 1769.2
2 0  40 1.521 1821.5
2 0  41 1.57 1873.2
2 0  42 1.619 1925.8
2 0  43 1.668 1977.1
2 0  44 1.717 2028.2
2 0  45 1.766 2079.3
2 0  46 1.815 2131
2 0  47 1.864 2181.7
2 0  48 1.913 2232.2
2 0  49 1.962 2282.5
2 0  50 2.011 2333.4
2 0  51 2.06 2384.1
2 0  52 2.109 2434.1
2 0  53 2.158 2484.2
2 0  54 2.207 2534.2
2 0  55 2.256 2585.3
2 0  56 2.305 2635.2
2 0  57 2.354 2685.3
2 0  58 2.403 2735.1
2 0  59 2.452 2785.9
2 0  60 2.501 2835.7
2 0  61 2.55 2885.5
2 0  62 2.599 2935.2
2 0  63 2.648 2985.8
2 0  64 2.697 3035.5
2 0  65 2.746 3085
2 0  66 2.795 3134.7
2 0  67 2.844 3185.5
2 0  68 2.893 3235.2
2 0  69 2.942 3285
2 0  70 2.991 3334.6
2 0  71 3.04 3385.1
2 0  72 3.089 3434.6
2 0  73 3.138 3484.1
2 0  74 3.187 3533.8
2 0  75 3.236 3584.1
2 0  76 3.285 3633.5
2 0  77 3.334 3683.1
2 0  78 3.383 3733.3
2 0  79 3.432 3782.6
2 0  80 3.481 3830.9
2 0  81 3.53 3878
2 0  82 3.579 3923.2
2 0  83 3.628 3964.5
2 1  1 0.01 95.864
2 1  2 0.019 104.878
2 1  3 0.028 114.58
2 1  4 0.037 124.104
2 1  5 0.046 134.026
2 1  6 0.055 142.898
2 1  7 0.064 152.849
2 1  8 0.073 163.148
2 1  9 0.082 173.4
2 1  10 0.091 183.644
2 1  11 0.1 194
2 1  12 0.149 249
2 1  13 0.198 303.8
2 1  14 0.247 358.2
2 1  15 0.296 412.5
2 1  16 0.345 467.5
2 1  17 0.394 522.2
2 1  18 0.443 576.7
2 1  19 0.492 631.3
2 1  20 0.541 685.6
2 1  21 0.59 740.2
2 1  22 0.639 795.6
2 1  23 0.688 849.9
2 1  24 0.737 904.4
2 1  25 0.786 958.6
2 1  26 0.835 1013
2 1  27 0.884 1067.6
2 1  28 0.933 1122.1
2 1  29 0.982 1176
2 1  30 1.031 1229.3
2 1  31 1.08 1282.4
2 1  32 1.129 1335.2
2 1  33 1.178 1388
2 1  34 1.227 1439.5
2 1  35 1.276 1490.5
2 1  36 1.325 1540.8
2 1  37 1.374 1591.7
2 1  38 1.423 1641.1
2 1  39 1.472 1690.2
2 1  40 1.521 1739.1
2 1  41 1.57 1788.6
2 1  42 1.619 1836.6
2 1  43 1.668 1884.6
2 1  44 1.717 1933.1
2 1  45 1.766 1980.6
2 1  46 1.815 2028
2 1  47 1.864 2075.2
2 1  48 1.913 2123.4
2 1  49 1.962 2170.4
2 1  50 2.011 2217.3
2 1  51 2.06 2265.2
2 1  52 2.109 2312
2 1  53 2.158 2358.7
2 1  54 2.207 2405.5
2 1  55 2.256 2453.1
2 1  56 2.305 2499.6
2 1  57 2.354 2546.1
2 1  58 2.403 2593.7
2 1  59 2.452 2640.1
2 1  60 2.501 2686.8
2 1  61 2.55 2733.6
2 1  62 2.599 2780.5
2 1  63 2.648 2826.8
2 1  64 2.697 2873.3
2 1  65 2.746 2920.6
2 1  66 2.795 2966.7
2 1  67 2.844 3012.9
2 1  68 2.893 3060.3
2 1  69 2.942 3106.8
2 1  70 2.991 3153
2 1  71 3.04 3200.1
2 1  72 3.089 3246.4
2 1  73 3.138 3292.6
2 1  74 3.187 3338.6
2 1  75 3.236 3385.9
2 1  76 3.285 3431.9
2 1  77 3.334 3478
2 1  78 3.383 3525.1
2 1  79 3.432 3571.3
2 1  80 3.481 3617.4
2 1  81 3.53 3664.6
2 1  82 3.579 3710.5
2 1  83 3.628 3756.6
2 1  84 3.677 3802.1
2 1  85 3.726 3848.9
2 1  86 3.775 3894.7
2 1  87 3.824 3940.4
2 1  88 3.873 3987.1
2 2  1 0.01 64.408
2 2  2 0.019 72.975
2 2  3 0.028 83.172
2 2  4 0.037 93.145
2 2  5 0.046 103.353
2 2  6 0.055 113.589
2 2  7 0.064 124.062
2 2  8 0.073 134.333
2 2  9 0.082 144.305
2 2  10 0.091 154.956
2 2  11 0.1 165.5
2 2  12 0.149 222.9
2 2  13 0.198 279.8
2 2  14 0.247 336.7
2 2  15 0.296 394.5
2 2  16 0.345 451.3
2 2  17 0.394 508.1
2 2  18 0.443 564.8
2 2  19 0.492 621.7
2 2  20 0.541 678.5
2 2  21 0.59 735.4
2 2  22 0.639 793.1
2 2  23 0.688 849.9
2 2  24 0.737 906.6
2 2  25 0.786 963.2
2 2  26 0.835 1020
2 2  27 0.884 1076.5
2 2  28 0.933 1133.7
2 2  29 0.982 1190.1
2 2  30 1.031 1245.8
2 2  31 1.08 1301.3
2 2  32 1.129 1356.1
2 2  33 1.178 1410.4
2 2  34 1.227 1465.2
2 2  35 1.276 1518.3
2 2  36 1.325 1570.8
2 2  37 1.374 1622.9
2 2  38 1.423 1674.5
2 2  39 1.472 1726.8
2 2  40 1.521 1777.7
2 2  41 1.57 1828.1
2 2  42 1.619 1878.4
2 2  43 1.668 1929.4
2 2  44 1.717 1979
2 2  45 1.766 2028.5
2 2  46 1.815 2078
2 2  47 1.864 2128.3
2 2  48 1.913 2177.5
2 2  49 1.962 2226.6
2 2  50 2.011 2275.4
2 2  51 2.06 2325.3
2 2  52 2.109 2374.1
2 2  53 2.158 2422.8
2 2  54 2.207 2471.4
2 2  55 2.256 2520.9
2 2  56 2.305 2569.5
2 2  57 2.354 2618
2 2  58 2.403 2667.3
2 2  59 2.452 2716
2 2  60 2.501 2764.7
2 2  61 2.55 2812.8
2 2  62 2.599 2862.1
2 2  63 2.648 2910.4
2 2  64 2.697 2958.6
2 2  65 2.746 3006.8
2 2  66 2.795 3056
2 2  67 2.844 3104.2
2 2  68 2.893 3152.5
2 2  69 2.942 3200.8
2 2  70 2.991 3250
2 2  71 3.04 3298.1
2 2  72 3.089 3346.2
2 2  73 3.138 3395.2
2 2  74 3.187 3443.2
2 2  75 3.236 3491.1
2 2  76 3.285 3539.3
2 2  77 3.334 3588.1
2 2  78 3.383 3636.1
2 2  79 3.432 3684.1
2 2  80 3.481 3732.5
2 2  81 3.53 3780.4
2 2  82 3.579 3827.3
2 2  83 3.628 3873.2
2 2  84 3.677 3919.3
2 2  85 3.726 3964.4
2 3  1 0.01 90.953
2 3  2 0.019 100.148
2 3  3 0.028 109.817
2 3  4 0.037 119.474
2 3  5 0.046 129.406
2 3  6 0.051 134.5
2 3  7 0.055 138.336
2 3  8 0.064 148.439
2 3  9 0.073 158.697
2 3  10 0.082 168.934
2 3  11 0.091 179.318
2 3  12 0.1 189.7
2 3  13 0.149 245
2 3  14 0.198 300
2 3  15 0.247 354.8
2 3  16 0.296 409.3
2 3  17 0.345 465.1
2 3  18 0.394 519.8
2 3  19 0.443 574.4
2 3  20 0.492 629.1
2 3  21 0.541 683.8
2 3  22 0.59 738.6
2 3  23 0.639 794.2
2 3  24 0.688 849
2 3  25 0.737 903.7
2 3  26 0.786 958.1
2 3  27 0.835 1012.8
2 3  28 0.884 1067.6
2 3  29 0.933 1122.3
2 3  30 0.982 1176.5
2 3  31 1.031 1230.2
2 3  32 1.08 1283.5
2 3  33 1.129 1336.3
2 3  34 1.178 1389.5
2 3  35 1.227 1441.2
2 3  36 1.276 1492.4
2 3  37 1.325 1543
2 3  38 1.374 1594.1
2 3  39 1.423 1643.8
2 3  40 1.472 1693.1
2 3  41 1.521 1742.3
2 3  42 1.57 1791.8
2 3  43 1.619 1840.1
2 3  44 1.668 1888.2
2 3  45 1.717 1936.2
2 3  46 1.766 1984.8
2 3  47 1.815 2032.3
2 3  48 1.864 2079.8
2 3  49 1.913 2128.2
2 3  50 1.962 2175.5
2 3  51 2.011 2222.7
2 3  52 2.06 2269.8
2 3  53 2.109 2317.7
2 3  54 2.158 2364.8
2 3  55 2.207 2411.8
2 3  56 2.256 2459.7
2 3  57 2.305 2506.4
2 3  58 2.354 2553.1
2 3  59 2.403 2600.4
2 3  60 2.452 2647.6
2 3  61 2.501 2694.3
2 3  62 2.55 2741
2 3  63 2.599 2788.6
2 3  64 2.648 2835.2
2 3  65 2.697 2881.6
2 3  66 2.746 2929.2
2 3  67 2.795 2975.7
2 3  68 2.844 3022.2
2 3  69 2.893 3068.6
2 3  70 2.942 3116.4
2 3  71 2.991 3162.8
2 3  72 3.04 3209.2
2 3  73 3.089 3256.7
2 3  74 3.138 3303.1
2 3  75 3.187 3349.4
2 3  76 3.236 3396.7
2 3  77 3.285 3443.1
2 3  78 3.334 3489.4
2 3  79 3.383 3535.7
2 3  80 3.432 3583
2 3  81 3.481 3629.2
2 3  82 3.53 3675.6
2 3  83 3.579 3722.7
2 3  84 3.628 3768.8
2 3  85 3.677 3814.6
2 3  86 3.726 3861.4
2 3  87 3.775 3907.2
2 3  88 3.824 3953.3
2 3  89 3.873 4000.4
3 0  1 0.01 67.007
3 0  2 0.019 76.347
3 0  3 0.028 86.964
3 0  4 0.037 97.221
3 0  5 0.046 107.921
3 0  6 0.055 118.548
3 0  7 0.064 129.291
3 0  8 0.073 139.153
3 0  9 0.082 150.086
3 0  10 0.091 161.053
3 0  11 0.1 172
3 0  12 0.149 230.7
3 0  13 0.198 289.2
3 0  14 0.247 347.4
3 0  15 0.296 405.6
3 0  16 0.345 464.8
3 0  17 0.394 522.9
3 0  18 0.443 581
3 0  19 0.492 639.2
3 0  20 0.541 697.4
3 0  21 0.59 755.6
3 0  22 0.639 813.7
3 0  23 0.688 871.7
3 0  24 0.737 930.8
3 0  25 0.786 988.7
3 0  26 0.835 1046.9
3 0  27 0.884 1104.8
3 0  28 0.933 1162.5
3 0  29 0.982 1220.1
3 0  30 1.031 1277
3 0  31 1.08 1334.4
3 0  32 1.129 1391
3 0  33 1.178 1446.5
3 0  34 1.227 1501.6
3 0  35 1.276 1556.1
3 0  36 1.325 1609.9
3 0  37 1.374 1664.4
3 0  38 1.423 1717.3
3 0  39 1.472 1769.7
3 0  40 1.521 1822
3 0  41 1.57 1873.7
3 0  42 1.619 1926.2
3 0  43 1.668 1977.4
3 0  44 1.717 2028.4
3 0  45 1.766 2079.2
3 0  46 1.815 2130.9
3 0  47 1.864 2181.5
3 0  48 1.913 2231.9
3 0  49 1.962 2282.2
3 0  50 2.011 2333.2
3 0  51 2.06 2383.6
3 0  52 2.109 2433.7
3 0  53 2.158 2483.6
3 0  54 2.207 2533.8
3 0  55 2.256 2584.6
3 0  56 2.305 2634.4
3 0  57 2.354 2684.2
3 0  58 2.403 2734.3
3 0  59 2.452 2784.8
3 0  60 2.501 2834.7
3 0  61 2.55 2884.3
3 0  62 2.599 2933.9
3 0  63 2.648 2984.5
3 0  64 2.697 3034.1
3 0  65 2.746 3083.6
3 0  66 2.795 3133.6
3 0  67 2.844 3183.8
3 0  68 2.893 3233.4
3 0  69 2.942 3283.2
3 0  70 2.991 3333.3
3 0  71 3.04 3383.1
3 0  72 3.089 3432.5
3 0  73 3.138 3481.9
3 0  74 3.187 3532.2
3 0  75 3.236 3581.7
3 0  76 3.285 3631.1
3 0  77 3.334 3680.5
3 0  78 3.383 3730.9
3 0  79 3.432 3779.9
3 0  80 3.481 3828.1
3 0  81 3.53 3875.2
3 0  82 3.579 3920.6
3 0  83 3.628 3961.9
3 0  84 3.677 4000.3
3 1  1 0.01 92.732
3 1  2 0.019 100.435
3 1  3 0.028 109.715
3 1  4 0.037 119.16
3 1  5 0.046 128.933
3 1  6 0.051 134.2
3 1  7 0.055 137.885
3 1  8 0.064 147.957
3 1  9 0.073 158.197
3 1  10 0.082 168.421
3 1  11 0.091 178.792
3 1  12 0.1 188.9
3 1  13 0.149 244.3
3 1  14 0.198 299.3
3 1  15 0.247 354
3 1  16 0.296 408.7
3 1  17 0.345 464.5
3 1  18 0.394 519.1
3 1  19 0.443 573.7
3 1  20 0.492 628.3
3 1  21 0.541 682.9
3 1  22 0.59 737.5
3 1  23 0.639 793.1
3 1  24 0.688 847.6
3 1  25 0.737 902.1
3 1  26 0.786 956.5
3 1  27 0.835 1011.1
3 1  28 0.884 1066.3
3 1  29 0.933 1120.5
3 1  30 0.982 1174.5
3 1  31 1.031 1228.1
3 1  32 1.08 1281.2
3 1  33 1.129 1334.5
3 1  34 1.178 1387.1
3 1  35 1.227 1438.6
3 1  36 1.276 1489.6
3 1  37 1.325 1540.1
3 1  38 1.374 1591.1
3 1  39 1.423 1640.8
3 1  40 1.472 1690
3 1  41 1.521 1739
3 1  42 1.57 1788.5
3 1  43 1.619 1836.6
3 1  44 1.668 1884.6
3 1  45 1.717 1933.3
3 1  46 1.766 1981.1
3 1  47 1.815 2028.5
3 1  48 1.864 2075.9
3 1  49 1.913 2124.1
3 1  50 1.962 2171.2
3 1  51 2.011 2218.4
3 1  52 2.06 2266.3
3 1  53 2.109 2313.2
3 1  54 2.158 2360.1
3 1  55 2.207 2407
3 1  56 2.256 2454.7
3 1  57 2.305 2501.3
3 1  58 2.354 2548.1
3 1  59 2.403 2595.7
3 1  60 2.452 2642.2
3 1  61 2.501 2688.9
3 1  62 2.55 2735.4
3 1  63 2.599 2782.8
3 1  64 2.648 2829.3
3 1  65 2.697 2875.7
3 1  66 2.746 2923.2
3 1  67 2.795 2969.6
3 1  68 2.844 3015.9
3 1  69 2.893 3063.3
3 1  70 2.942 3109.9
3 1  71 2.991 3156.2
3 1  72 3.04 3202.6
3 1  73 3.089 3249.9
3 1  74 3.138 3296.2
3 1  75 3.187 3342.5
3 1  76 3.236 3389.7
3 1  77 3.285 3435.9
3 1  78 3.334 3482.3
3 1  79 3.383 3529.5
3 1  80 3.432 3575.7
3 1  81 3.481 3621.9
3 1  82 3.53 3668.2
3 1  83 3.579 3715.3
3 1  84 3.628 3761.5
3 1  85 3.677 3807.3
3 1  86 3.726 3854.1
3 1  87 3.775 3900
3 1  88 3.824 3945.9
3 1  89 3.873 3992.7
3 2  1 0.01 84.655
3 2  2 0.019 95.211
3 2  3 0.028 105.689
3 2  4 0.037 116.042
3 2  5 0.046 126.515
3 2  6 0.051 132.5
3 2  7 0.055 136.102
3 2  8 0.064 146.633
3 2  9 0.073 157.392
3 2  10 0.082 168.086
3 2  11 0.091 178.793
3 2  12 0.1 189.3
3 2  13 0.149 246.7
3 2  14 0.198 303.6
3 2  15 0.247 360.4
3 2  16 0.296 417
3 2  17 0.345 473.6
3 2  18 0.394 531.4
3 2  19 0.443 588
3 2  20 0.492 644.6
3 2  21 0.541 701.3
3 2  22 0.59 758
3 2  23 0.639 814.6
3 2  24 0.688 871.1
3 2  25 0.737 928.8
3 2  26 0.786 985.1
3 2  27 0.835 1041.8
3 2  28 0.884 1098.2
3 2  29 0.933 1154.3
3 2  30 0.982 1210.3
3 2  31 1.031 1267.1
3 2  32 1.08 1322.2
3 2  33 1.129 1376.9
3 2  34 1.178 1431
3 2  35 1.227 1484.7
3 2  36 1.276 1537.7
3 2  37 1.325 1591.1
3 2  38 1.374 1643.1
3 2  39 1.423 1694.7
3 2  40 1.472 1745.8
3 2  41 1.521 1797.7
3 2  42 1.57 1847.9
3 2  43 1.619 1898
3 2  44 1.668 1947.9
3 2  45 1.717 1998.5
3 2  46 1.766 2048
3 2  47 1.815 2097.2
3 2  48 1.864 2146.5
3 2  49 1.913 2196.6
3 2  50 1.962 2245.6
3 2  51 2.011 2294.3
3 2  52 2.06 2343.2
3 2  53 2.109 2392.9
3 2  54 2.158 2441.4
3 2  55 2.207 2490.2
3 2  56 2.256 2538.6
3 2  57 2.305 2588.1
3 2  58 2.354 2636.6
3 2  59 2.403 2685.2
3 2  60 2.452 2733.7
3 2  61 2.501 2782.9
3 2  62 2.55 2831.2
3 2  63 2.599 2879.4
3 2  64 2.648 2928.6
3 2  65 2.697 2976.8
3 2  66 2.746 3025
3 2  67 2.795 3073.2
3 2  68 2.844 3122.3
3 2  69 2.893 3170.5
3 2  70 2.942 3218.9
3 2  71 2.991 3267.2
3 2  72 3.04 3316.1
3 2  73 3.089 3364.1
3 2  74 3.138 3412.2
3 2  75 3.187 3461.2
3 2  76 3.236 3509.1
3 2  77 3.285 3557.2
3 2  78 3.334 3605.2
3 2  79 3.383 3654.1
3 2  80 3.432 3702.1
3 2  81 3.481 3749.7
3 2  82 3.53 3798.2
3 2  83 3.579 3844.5
3 2  84 3.628 3889.9
3 2  85 3.677 3934.3
3 3  1 0.01 68.225
3 3  2 0.019 78.757
3 3  3 0.028 89.133
3 3  4 0.037 99.276
3 3  5 0.046 109.606
3 3  6 0.055 119.984
3 3  7 0.064 130.412
3 3  8 0.073 139.907
3 3  9 0.082 150.564
3 3  10 0.091 161.104
3 3  11 0.1 171.8
3 3  12 0.149 229
3 3  13 0.198 285.9
3 3  14 0.247 342.6
3 3  15 0.296 400
3 3  16 0.345 456.6
3 3  17 0.394 513.1
3 3  18 0.443 569.6
3 3  19 0.492 626.2
3 3  20 0.541 682.8
3 3  21 0.59 739.5
3 3  22 0.639 796.9
3 3  23 0.688 853.4
3 3  24 0.737 909.9
3 3  25 0.786 966.2
3 3  26 0.835 1022.8
3 3  27 0.884 1079.1
3 3  28 0.933 1135
3 3  29 0.982 1192.1
3 3  30 1.031 1247.5
3 3  31 1.08 1302.7
3 3  32 1.129 1357.4
3 3  33 1.178 1411.4
3 3  34 1.227 1465.9
3 3  35 1.276 1518.8
3 3  36 1.325 1571.1
3 3  37 1.374 1623
3 3  38 1.423 1674.5
3 3  39 1.472 1726.5
3 3  40 1.521 1777.2
3 3  41 1.57 1827.5
3 3  42 1.619 1877.5
3 3  43 1.668 1928.3
3 3  44 1.717 1977.9
3 3  45 1.766 2027.3
3 3  46 1.815 2076.5
3 3  47 1.864 2126.7
3 3  48 1.913 2175.7
3 3  49 1.962 2224.6
3 3  50 2.011 2273.4
3 3  51 2.06 2323.2
3 3  52 2.109 2371.9
3 3  53 2.158 2420.5
3 3  54 2.207 2469.2
3 3  55 2.256 2518.7
3 3  56 2.305 2567.2
3 3  57 2.354 2615.7
3 3  58 2.403 2665.1
3 3  59 2.452 2713.5
3 3  60 2.501 2762.1
3 3  61 2.55 2810.3
3 3  62 2.599 2859.6
3 3  63 2.648 2907.8
3 3  64 2.697 2956.1
3 3  65 2.746 3004.3
3 3  66 2.795 3053.6
3 3  67 2.844 3101.8
3 3  68 2.893 3150.2
3 3  69 2.942 3199.6
3 3  70 2.991 3247.8
3 3  71 3.04 3296
3 3  72 3.089 3344.1
3 3  73 3.138 3393.4
3 3  74 3.187 3441.5
3 3  75 3.236 3489.6
3 3  76 3.285 3537.8
3 3  77 3.334 3587.1
3 3  78 3.383 3635.3
3 3  79 3.432 3683.4
3 3  80 3.481 3732.3
3 3  81 3.53 3779.9
3 3  82 3.579 3826.5
3 3  83 3.628 3872.5
3 3  84 3.677 3918.9
3 3  85 3.726 3964.5
4 0  1 0.01 101.703
4 0  2 0.019 110.914
4 0  3 0.028 120.142
4 0  4 0.037 129.399
4 0  5 0.046 137.911
4 0  6 0.051 143.3
4 0  7 0.055 147.495
4 0  8 0.064 157.138
4 0  9 0.073 166.923
4 0  10 0.082 176.744
4 0  11 0.091 186.578
4 0  12 0.1 196.4
4 0  13 0.149 249.2
4 0  14 0.198 302.1
4 0  15 0.247 354.8
4 0  16 0.296 407.4
4 0  17 0.345 460.9
4 0  18 0.394 513.6
4 0  19 0.443 566.2
4 0  20 0.492 618.8
4 0  21 0.541 671.5
4 0  22 0.59 725.1
4 0  23 0.639 777.8
4 0  24 0.688 830.4
4 0  25 0.737 883.1
4 0  26 0.786 935.7
4 0  27 0.835 989.6
4 0  28 0.884 1042
4 0  29 0.933 1094.4
4 0  30 0.982 1146.7
4 0  31 1.031 1199.7
4 0  32 1.08 1251.4
4 0  33 1.129 1302.7
4 0  34 1.178 1353.3
4 0  35 1.227 1403.4
4 0  36 1.276 1454.1
4 0  37 1.325 1503.2
4 0  38 1.374 1551.8
4 0  39 1.423 1600.6
4 0  40 1.472 1649
4 0  41 1.521 1696.9
4 0  42 1.57 1744.1
4 0  43 1.619 1792.1
4 0  44 1.668 1838.9
4 0  45 1.717 1885.4
4 0  46 1.766 1932.8
4 0  47 1.815 1979.2
4 0  48 1.864 2025.4
4 0  49 1.913 2071.4
4 0  50 1.962 2118.5
4 0  51 2.011 2164.3
4 0  52 2.06 2210.3
4 0  53 2.109 2257.1
4 0  54 2.158 2302.9
4 0  55 2.207 2348.6
4 0  56 2.256 2395.3
4 0  57 2.305 2440.9
4 0  58 2.354 2486.4
4 0  59 2.403 2533.2
4 0  60 2.452 2578.6
4 0  61 2.501 2624.2
4 0  62 2.55 2669.7
4 0  63 2.599 2716.4
4 0  64 2.648 2761.9
4 0  65 2.697 2807.4
4 0  66 2.746 2853.9
4 0  67 2.795 2899.4
4 0  68 2.844 2944.9
4 0  69 2.893 2991.3
4 0  70 2.942 3037
4 0  71 2.991 3082.5
4 0  72 3.04 3129
4 0  73 3.089 3174.4
4 0  74 3.138 3220
4 0  75 3.187 3266.3
4 0  76 3.236 3312
4 0  77 3.285 3357.4
4 0  78 3.334 3402.9
4 0  79 3.383 3449.4
4 0  80 3.432 3494.6
4 0  81 3.481 3540.2
4 0  82 3.53 3586.7
4 0  83 3.579 3632.1
4 0  84 3.628 3677.5
4 0  85 3.677 3724
4 0  86 3.726 3768.9
4 0  87 3.775 3813.4
4 0  88 3.824 3857.9
4 0  89 3.873 3899.8
4 0  90 3.922 3939.4
4 0  91 3.971 3977
4 1  1 0.01 67.605
4 1  2 0.019 77.045
4 1  3 0.028 86.877
4 1  4 0.037 96.632
4 1  5 0.046 106.374
4 1  6 0.055 116.193
4 1  7 0.064 126.107
4 1  8 0.073 135.205
4 1  9 0.082 145.161
4 1  10 0.091 155.231
4 1  11 0.1 165.3
4 1  12 0.149 219.9
4 1  13 0.198 274.5
4 1  14 0.247 330.1
4 1  15 0.296 384.6
4 1  16 0.345 438.9
4 1  17 0.394 493.4
4 1  18 0.443 547.8
4 1  19 0.492 602.4
4 1  20 0.541 657.9
4 1  21 0.59 712.4
4 1  22 0.639 767
4 1  23 0.688 821.5
4 1  24 0.737 876
4 1  25 0.786 931.4
4 1  26 0.835 986
4 1  27 0.884 1040.4
4 1  28 0.933 1094.7
4 1  29 0.982 1148.8
4 1  30 1.031 1202.7
4 1  31 1.08 1257.2
4 1  32 1.129 1310.3
4 1  33 1.178 1362.8
4 1  34 1.227 1414.7
4 1  35 1.276 1467
4 1  36 1.325 1517.9
4 1  37 1.374 1568.4
4 1  38 1.423 1618.4
4 1  39 1.472 1667.9
4 1  40 1.521 1718.5
4 1  41 1.57 1767.5
4 1  42 1.619 1816.2
4 1  43 1.668 1865.6
4 1  44 1.717 1913.9
4 1  45 1.766 1962
4 1  46 1.815 2009.9
4 1  47 1.864 2058.8
4 1  48 1.913 2106.6
4 1  49 1.962 2154.3
4 1  50 2.011 2201.8
4 1  51 2.06 2250.5
4 1  52 2.109 2297.9
4 1  53 2.158 2345.3
4 1  54 2.207 2393.7
4 1  55 2.256 2441.2
4 1  56 2.305 2488.4
4 1  57 2.354 2535.7
4 1  58 2.403 2584
4 1  59 2.452 2631.2
4 1  60 2.501 2678.5
4 1  61 2.55 2726.7
4 1  62 2.599 2774
4 1  63 2.648 2821.3
4 1  64 2.697 2868.6
4 1  65 2.746 2916.8
4 1  66 2.795 2963.9
4 1  67 2.844 3011.2
4 1  68 2.893 3059.3
4 1  69 2.942 3106.6
4 1  70 2.991 3153.8
4 1  71 3.04 3200.9
4 1  72 3.089 3249.2
4 1  73 3.138 3296.5
4 1  74 3.187 3343.8
4 1  75 3.236 3391.9
4 1  76 3.285 3439
4 1  77 3.334 3486.2
4 1  78 3.383 3533.7
4 1  79 3.432 3581.6
4 1  80 3.481 3628.8
4 1  81 3.53 3675.8
4 1  82 3.579 3723.8
4 1  83 3.628 3770.5
4 1  84 3.677 3816.2
4 1  85 3.726 3861
4 1  86 3.775 3901.9
4 1  87 3.824 3938
4 1  88 3.873 3970.6
4 2  1 0.01 93.755
4 2  2 0.019 101.858
4 2  3 0.028 109.925
4 2  4 0.037 118.056
4 2  5 0.046 126.161
4 2  6 0.051 130.7
4 2  7 0.055 134.179
4 2  8 0.064 141.63
4 2  9 0.073 149.919
4 2  10 0.082 158.376
4 2  11 0.091 166.751
4 2  12 0.1 175.1
4 2  13 0.149 220.6
4 2  14 0.198 267.2
4 2  15 0.247 312.4
4 2  16 0.296 357.7
4 2  17 0.345 403.1
4 2  18 0.394 449.4
4 2  19 0.443 494.7
4 2  20 0.492 540
4 2  21 0.541 586.4
4 2  22 0.59 631.8
4 2  23 0.639 677.1
4 2  24 0.688 723.5
4 2  25 0.737 768.8
4 2  26 0.786 814.1
4 2  27 0.835 860.6
4 2  28 0.884 905.7
4 2  29 0.933 950.7
4 2  30 0.982 996.6
4 2  31 1.031 1041.3
4 2  32 1.08 1085.7
4 2  33 1.129 1130.8
4 2  34 1.178 1174.4
4 2  35 1.227 1217.6
4 2  36 1.276 1261.2
4 2  37 1.325 1303.5
4 2  38 1.374 1345.2
4 2  39 1.423 1387.8
4 2  40 1.472 1428.8
4 2  41 1.521 1469.8
4 2  42 1.57 1511.3
4 2  43 1.619 1551.8
4 2  44 1.668 1593
4 2  45 1.717 1632.9
4 2  46 1.766 1672.8
4 2  47 1.815 1713.6
4 2  48 1.864 1753.3
4 2  49 1.913 1793.8
4 2  50 1.962 1833.3
4 2  51 2.011 1872.7
4 2  52 2.06 1913.1
4 2  53 2.109 1952.4
4 2  54 2.158 1992.7
4 2  55 2.207 2032
4 2  56 2.256 2071.3
4 2  57 2.305 2111.4
4 2  58 2.354 2150.6
4 2  59 2.403 2190.8
4 2  60 2.452 2229.8
4 2  61 2.501 2269
4 2  62 2.55 2309
4 2  63 2.599 2348.1
4 2  64 2.648 2388.3
4 2  65 2.697 2427.2
4 2  66 2.746 2467.2
4 2  67 2.795 2506.3
4 2  68 2.844 2545.3
4 2  69 2.893 2585.3
4 2  70 2.942 2624.6
4 2  71 2.991 2664.6
4 2  72 3.04 2703.6
4 2  73 3.089 2742.8
4 2  74 3.138 2782.9
4 2  75 3.187 2821.9
4 2  76 3.236 2862
4 2  77 3.285 2901.1
4 2  78 3.334 2940
4 2  79 3.383 2980.2
4 2  80 3.432 3019.1
4 2  81 3.481 3059.3
4 2  82 3.53 3098.4
4 2  83 3.579 3137.3
4 2  84 3.628 3177.5
4 2  85 3.677 3216.8
4 2  86 3.726 3256.7
4 2  87 3.775 3295.8
4 2  88 3.824 3334.9
4 2  89 3.873 3375
4 2  90 3.922 3414.1
4 2  91 3.971 3454.2
4 2  92 4.02 3493.3
4 2  93 4.069 3533.1
4 2  94 4.118 3572.4
4 2  95 4.167 3611.5
4 2  96 4.216 3651.7
4 2  97 4.265 3690.8
4 2  98 4.314 3731
4 2  99 4.363 3770.2
4 2  100 4.412 3809.4
4 2  101 4.461 3849.3
4 2  102 4.51 3888.2
4 2  103 4.559 3928.2
4 2  104 4.608 3967.3
4 3  1 0.01 87.695
4 3  2 0.019 96.378
4 3  3 0.028 104.954
4 3  4 0.037 113.418
4 3  5 0.046 121.915
4 3  6 0.055 130.53
4 3  7 0.064 138.172
4 3  8 0.073 146.942
4 3  9 0.082 155.694
4 3  10 0.091 164.466
4 3  11 0.1 173.3
4 3  12 0.149 220.9
4 3  13 0.198 268.5
4 3  14 0.247 317.4
4 3  15 0.296 365.1
4 3  16 0.345 412.7
4 3  17 0.394 461.4
4 3  18 0.443 509
4 3  19 0.492 556.6
4 3  20 0.541 604.3
4 3  21 0.59 653
4 3  22 0.639 700.7
4 3  23 0.688 748.5
4 3  24 0.737 797.2
4 3  25 0.786 844.7
4 3  26 0.835 892.6
4 3  27 0.884 940.1
4 3  28 0.933 988.6
4 3  29 0.982 1035.9
4 3  30 1.031 1082.9
4 3  31 1.08 1130.8
4 3  32 1.129 1177.1
4 3  33 1.178 1223
4 3  34 1.227 1268.4
4 3  35 1.276 1314.4
4 3  36 1.325 1358.8
4 3  37 1.374 1402.9
4 3  38 1.423 1447.5
4 3  39 1.472 1490.7
4 3  40 1.521 1534.5
4 3  41 1.57 1577.8
4 3  42 1.619 1620.3
4 3  43 1.668 1663.7
4 3  44 1.717 1705.9
4 3  45 1.766 1748
4 3  46 1.815 1790.9
4 3  47 1.864 1832.7
4 3  48 1.913 1874.3
4 3  49 1.962 1917
4 3  50 2.011 1958.4
4 3  51 2.06 2000.6
4 3  52 2.109 2042.5
4 3  53 2.158 2084
4 3  54 2.207 2126.5
4 3  55 2.256 2167.9
4 3  56 2.305 2209.4
4 3  57 2.354 2251.7
4 3  58 2.403 2293
4 3  59 2.452 2334
4 3  60 2.501 2376.5
4 3  61 2.55 2417.6
4 3  62 2.599 2459.9
4 3  63 2.648 2501
4 3  64 2.697 2542.4
4 3  65 2.746 2584.6
4 3  66 2.795 2625.8
4 3  67 2.844 2667.6
4 3  68 2.893 2709.4
4 3  69 2.942 2750.8
4 3  70 2.991 2793.1
4 3  71 3.04 2834.4
4 3  72 3.089 2875.5
4 3  73 3.138 2917.9
4 3  74 3.187 2959.1
4 3  75 3.236 3000.6
4 3  76 3.285 3042.5
4 3  77 3.334 3083.7
4 3  78 3.383 3126.1
4 3  79 3.432 3167.3
4 3  80 3.481 3208.7
4 3  81 3.53 3250.9
4 3  82 3.579 3292.1
4 3  83 3.628 3333.7
4 3  84 3.677 3375.9
4 3  85 3.726 3417
4 3  86 3.775 3459.3
4 3  87 3.824 3500.6
4 3  88 3.873 3541.8
4 3  89 3.922 3584.2
4 3  90 3.971 3625.4
4 3  91 4.02 3666.9
4 3  92 4.069 3709.1
4 3  93 4.118 3750.3
4 3  94 4.167 3792.6
4 3  95 4.216 3833.9
4 3  96 4.265 3875.2
4 3  97 4.314 3917.5
4 3  98 4.363 3958.6
4 3  99 4.412 4001
5 0  1 0.01 79.057
5 0  2 0.019 88.041
5 0  3 0.028 96.888
5 0  4 0.037 105.734
5 0  5 0.046 114.666
5 0  6 0.055 123.525
5 0  7 0.064 132.542
5 0  8 0.073 140.553
5 0  9 0.082 149.744
5 0  10 0.091 158.853
5 0  11 0.1 168
5 0  12 0.149 217.3
5 0  13 0.198 267.4
5 0  14 0.247 317.3
5 0  15 0.296 366.6
5 0  16 0.345 416
5 0  17 0.394 466.3
5 0  18 0.443 515.6
5 0  19 0.492 564.9
5 0  20 0.541 614.4
5 0  21 0.59 664.8
5 0  22 0.639 714.2
5 0  23 0.688 763.6
5 0  24 0.737 812.9
5 0  25 0.786 863.3
5 0  26 0.835 912.8
5 0  27 0.884 962
5 0  28 0.933 1011.2
5 0  29 0.982 1061.2
5 0  30 1.031 1110
5 0  31 1.08 1158.3
5 0  32 1.129 1206.4
5 0  33 1.178 1254.9
5 0  34 1.227 1301.9
5 0  35 1.276 1348.4
5 0  36 1.325 1395.5
5 0  37 1.374 1441
5 0  38 1.423 1486.3
5 0  39 1.472 1532.1
5 0  40 1.521 1576.9
5 0  41 1.57 1621.1
5 0  42 1.619 1666.3
5 0  43 1.668 1710.1
5 0  44 1.717 1753.8
5 0  45 1.766 1798.3
5 0  46 1.815 1841.7
5 0  47 1.864 1885
5 0  48 1.913 1929.1
5 0  49 1.962 1972.3
5 0  50 2.011 2015.3
5 0  51 2.06 2059.3
5 0  52 2.109 2102.3
5 0  53 2.158 2145.2
5 0  54 2.207 2189.1
5 0  55 2.256 2232
5 0  56 2.305 2274.8
5 0  57 2.354 2318.6
5 0  58 2.403 2361.3
5 0  59 2.452 2403.9
5 0  60 2.501 2447.6
5 0  61 2.55 2490.3
5 0  62 2.599 2533.5
5 0  63 2.648 2576.7
5 0  64 2.697 2619.4
5 0  65 2.746 2663.1
5 0  66 2.795 2705.8
5 0  67 2.844 2748.5
5 0  68 2.893 2792.2
5 0  69 2.942 2835
5 0  70 2.991 2877.7
5 0  71 3.04 2921.4
5 0  72 3.089 2964.1
5 0  73 3.138 3006.8
5 0  74 3.187 3050.5
5 0  75 3.236 3093.1
5 0  76 3.285 3135.8
5 0  77 3.334 3179.5
5 0  78 3.383 3222.3
5 0  79 3.432 3266
5 0  80 3.481 3308.7
5 0  81 3.53 3351.5
5 0  82 3.579 3395.1
5 0  83 3.628 3438
5 0  84 3.677 3480.7
5 0  85 3.726 3524.4
5 0  86 3.775 3567.2
5 0  87 3.824 3609.8
5 0  88 3.873 3653.5
5 0  89 3.922 3696.3
5 0  90 3.971 3739
5 0  91 4.02 3782.6
5 0  92 4.069 3824.9
5 0  93 4.118 3866.7
5 0  94 4.167 3910.2
5 0  95 4.216 3952.4
5 0  96 4.265 3996
5 1  1 0.01 79.214
5 1  2 0.019 88.478
5 1  3 0.028 97.344
5 1  4 0.037 106.531
5 1  5 0.046 115.521
5 1  6 0.051 120.6
5 1  7 0.055 124.705
5 1  8 0.064 133.738
5 1  9 0.073 142.193
5 1  10 0.082 151.698
5 1  11 0.091 161.207
5 1  12 0.1 170.6
5 1  13 0.149 222.2
5 1  14 0.198 273.3
5 1  15 0.247 325.3
5 1  16 0.296 376.4
5 1  17 0.345 427.4
5 1  18 0.394 478.4
5 1  19 0.443 530.4
5 1  20 0.492 581.3
5 1  21 0.541 632.3
5 1  22 0.59 683.3
5 1  23 0.639 734.7
5 1  24 0.688 786.3
5 1  25 0.737 837.2
5 1  26 0.786 888.2
5 1  27 0.835 939.4
5 1  28 0.884 991.2
5 1  29 0.933 1041.9
5 1  30 0.982 1092.5
5 1  31 1.031 1142.9
5 1  32 1.08 1194
5 1  33 1.129 1243.4
5 1  34 1.178 1292.4
5 1  35 1.227 1340.9
5 1  36 1.276 1389.9
5 1  37 1.325 1437.3
5 1  38 1.374 1484.6
5 1  39 1.423 1532.4
5 1  40 1.472 1578.6
5 1  41 1.521 1624.9
5 1  42 1.57 1670.7
5 1  43 1.619 1717.3
5 1  44 1.668 1762.7
5 1  45 1.717 1807.7
5 1  46 1.766 1853.9
5 1  47 1.815 1898.8
5 1  48 1.864 1943.5
5 1  49 1.913 1989.2
5 1  50 1.962 2033.8
5 1  51 2.011 2078.4
5 1  52 2.06 2123.9
5 1  53 2.109 2168.5
5 1  54 2.158 2213
5 1  55 2.207 2258.5
5 1  56 2.256 2302.9
5 1  57 2.305 2347.3
5 1  58 2.354 2392.6
5 1  59 2.403 2436.8
5 1  60 2.452 2481
5 1  61 2.501 2526.5
5 1  62 2.55 2570.7
5 1  63 2.599 2615
5 1  64 2.648 2660.5
5 1  65 2.697 2704.8
5 1  66 2.746 2749.2
5 1  67 2.795 2794.5
5 1  68 2.844 2838.8
5 1  69 2.893 2883.2
5 1  70 2.942 2928.6
5 1  71 2.991 2972.8
5 1  72 3.04 3017.4
5 1  73 3.089 3062.7
5 1  74 3.138 3107
5 1  75 3.187 3151.4
5 1  76 3.236 3196.7
5 1  77 3.285 3241.3
5 1  78 3.334 3285.7
5 1  79 3.383 3331.2
5 1  80 3.432 3375.6
5 1  81 3.481 3420
5 1  82 3.53 3465.2
5 1  83 3.579 3509.9
5 1  84 3.628 3554.4
5 1  85 3.677 3599.7
5 1  86 3.726 3644.4
5 1  87 3.775 3688.9
5 1  88 3.824 3733.5
5 1  89 3.873 3778.1
5 1  90 3.922 3821.6
5 1  91 3.971 3865.2
5 1  92 4.02 3906.9
5 1  93 4.069 3947.2
5 1  94 4.118 3988
5 2  1 0.01 68.552
5 2  2 0.019 77.179
5 2  3 0.028 85.719
5 2  4 0.037 94.323
5 2  5 0.046 102.885
5 2  6 0.055 111.53
5 2  7 0.064 120.182
5 2  8 0.073 128.957
5 2  9 0.082 136.688
5 2  10 0.091 145.583
5 2  11 0.1 154.4
5 2  12 0.149 202.3
5 2  13 0.198 251.5
5 2  14 0.247 299.6
5 2  15 0.296 347.7
5 2  16 0.345 396.7
5 2  17 0.394 444.5
5 2  18 0.443 492.7
5 2  19 0.492 540.5
5 2  20 0.541 589.7
5 2  21 0.59 637.8
5 2  22 0.639 686
5 2  23 0.688 734.6
5 2  24 0.737 783.1
5 2  25 0.786 831.2
5 2  26 0.835 879.5
5 2  27 0.884 928.3
5 2  28 0.933 976.2
5 2  29 0.982 1023.9
5 2  30 1.031 1071.3
5 2  31 1.08 1119.4
5 2  32 1.129 1166.1
5 2  33 1.178 1212.4
5 2  34 1.227 1259.2
5 2  35 1.276 1304.4
5 2  36 1.325 1349.3
5 2  37 1.374 1394.8
5 2  38 1.423 1438.8
5 2  39 1.472 1482.4
5 2  40 1.521 1526.8
5 2  41 1.57 1570
5 2  42 1.619 1612.8
5 2  43 1.668 1656.6
5 2  44 1.717 1699
5 2  45 1.766 1741.4
5 2  46 1.815 1784.7
5 2  47 1.864 1826.8
5 2  48 1.913 1868.9
5 2  49 1.962 1911.7
5 2  50 2.011 1953.5
5 2  51 2.06 1996.1
5 2  52 2.109 2038
5 2  53 2.158 2079.7
5 2  54 2.207 2122.3
5 2  55 2.256 2164
5 2  56 2.305 2205.6
5 2  57 2.354 2248.3
5 2  58 2.403 2289.7
5 2  59 2.452 2332
5 2  60 2.501 2373.7
5 2  61 2.55 2415.1
5 2  62 2.599 2457.5
5 2  63 2.648 2498.9
5 2  64 2.697 2540.4
5 2  65 2.746 2582.8
5 2  66 2.795 2624.2
5 2  67 2.844 2666.4
5 2  68 2.893 2708
5 2  69 2.942 2749.5
5 2  70 2.991 2792.1
5 2  71 3.04 2833.5
5 2  72 3.089 2874.8
5 2  73 3.138 2917.2
5 2  74 3.187 2958.8
5 2  75 3.236 3000.5
5 2  76 3.285 3042.3
5 2  77 3.334 3083.7
5 2  78 3.383 3126.2
5 2  79 3.432 3167.5
5 2  80 3.481 3209
5 2  81 3.53 3251.5
5 2  82 3.579 3293
5 2  83 3.628 3334.4
5 2  84 3.677 3377
5 2  85 3.726 3418.2
5 2  86 3.775 3460.4
5 2  87 3.824 3501.9
5 2  88 3.873 3543.3
5 2  89 3.922 3585.7
5 2  90 3.971 3627.1
5 2  91 4.02 3668.6
5 2  92 4.069 3711
5 2  93 4.118 3752.3
5 2  94 4.167 3794.7
5 2  95 4.216 3836.1
5 2  96 4.265 3877.5
5 2  97 4.314 3919.9
5 2  98 4.363 3961.2
5 3  1 0.01 86.048
5 3  2 0.019 95.548
5 3  3 0.028 104.902
5 3  4 0.037 114.442
5 3  5 0.046 123.951
5 3  6 0.051 129.3
5 3  7 0.055 133.596
5 3  8 0.064 142.446
5 3  9 0.073 152.349
5 3  10 0.082 162.349
5 3  11 0.091 172.392
5 3  12 0.1 182.3
5 3  13 0.149 236.2
5 3  14 0.198 290
5 3  15 0.247 343.7
5 3  16 0.296 398.5
5 3  17 0.345 451.9
5 3  18 0.394 505.6
5 3  19 0.443 559.2
5 3  20 0.492 612.8
5 3  21 0.541 667.3
5 3  22 0.59 721.2
5 3  23 0.639 775.1
5 3  24 0.688 828.8
5 3  25 0.737 882.5
5 3  26 0.786 936.4
5 3  27 0.835 991.1
5 3  28 0.884 1044.8
5 3  29 0.933 1098.4
5 3  30 0.982 1151.9
5 3  31 1.031 1204.9
5 3  32 1.08 1258.4
5 3  33 1.129 1310.9
5 3  34 1.178 1362.7
5 3  35 1.227 1413.8
5 3  36 1.276 1465.4
5 3  37 1.325 1515.6
5 3  38 1.374 1565.4
5 3  39 1.423 1614.8
5 3  40 1.472 1664.7
5 3  41 1.521 1713.6
5 3  42 1.57 1761.8
5 3  43 1.619 1809.9
5 3  44 1.668 1858.8
5 3  45 1.717 1906.4
5 3  46 1.766 1954
5 3  47 1.815 2001.5
5 3  48 1.864 2049.7
5 3  49 1.913 2096.9
5 3  50 1.962 2144.1
5 3  51 2.011 2192.1
5 3  52 2.06 2239
5 3  53 2.109 2286
5 3  54 2.158 2333.4
5 3  55 2.207 2380.7
5 3  56 2.256 2427.5
5 3  57 2.305 2474.4
5 3  58 2.354 2522
5 3  59 2.403 2569
5 3  60 2.452 2615.4
5 3  61 2.501 2663.2
5 3  62 2.55 2710
5 3  63 2.599 2756.8
5 3  64 2.648 2803.4
5 3  65 2.697 2851.2
5 3  66 2.746 2897.8
5 3  67 2.795 2944.6
5 3  68 2.844 2992.3
5 3  69 2.893 3038.9
5 3  70 2.942 3085.7
5 3  71 2.991 3133.2
5 3  72 3.04 3180.1
5 3  73 3.089 3226.9
5 3  74 3.138 3273.6
5 3  75 3.187 3321.3
5 3  76 3.236 3368
5 3  77 3.285 3414.7
5 3  78 3.334 3462.3
5 3  79 3.383 3509
5 3  80 3.432 3555.6
5 3  81 3.481 3602.3
5 3  82 3.53 3650
5 3  83 3.579 3696.8
5 3  84 3.628 3742.9
5 3  85 3.677 3789.6
5 3  86 3.726 3833.6
5 3  87 3.775 3875
5 3  88 3.824 3913.8
5 3  89 3.873 3947.2
5 3  90 3.922 3977.4
6 0  1 0.01 64.111
6 0  2 0.019 71.914
6 0  3 0.028 80.921
6 0  4 0.037 89.754
6 0  5 0.046 98.682
6 0  6 0.055 107.619
6 0  7 0.064 116.622
6 0  8 0.073 125.84
6 0  9 0.082 134.517
6 0  10 0.091 143.207
6 0  11 0.1 152.4
6 0  12 0.149 202.5
6 0  13 0.198 253.6
6 0  14 0.247 303.7
6 0  15 0.296 353.7
6 0  16 0.345 403.5
6 0  17 0.394 454.4
6 0  18 0.443 504.3
6 0  19 0.492 554.3
6 0  20 0.541 604.2
6 0  21 0.59 655.3
6 0  22 0.639 705.3
6 0  23 0.688 755.3
6 0  24 0.737 805.1
6 0  25 0.786 856
6 0  26 0.835 906.2
6 0  27 0.884 956
6 0  28 0.933 1005.7
6 0  29 0.982 1056.3
6 0  30 1.031 1105.6
6 0  31 1.08 1154.6
6 0  32 1.129 1203.3
6 0  33 1.178 1252.3
6 0  34 1.227 1299.9
6 0  35 1.276 1347
6 0  36 1.325 1394.7
6 0  37 1.374 1440.8
6 0  38 1.423 1486.6
6 0  39 1.472 1533
6 0  40 1.521 1578.2
6 0  41 1.57 1623.2
6 0  42 1.619 1667.9
6 0  43 1.668 1713.3
6 0  44 1.717 1757.5
6 0  45 1.766 1801.6
6 0  46 1.815 1846.6
6 0  47 1.864 1890.4
6 0  48 1.913 1934.3
6 0  49 1.962 1978.9
6 0  50 2.011 2022.5
6 0  51 2.06 2067
6 0  52 2.109 2110.5
6 0  53 2.158 2154.1
6 0  54 2.207 2198.7
6 0  55 2.256 2242.2
6 0  56 2.305 2285.5
6 0  57 2.354 2329.8
6 0  58 2.403 2373.2
6 0  59 2.452 2416.3
6 0  60 2.501 2460.7
6 0  61 2.55 2503.9
6 0  62 2.599 2547.2
6 0  63 2.648 2591.5
6 0  64 2.697 2634.8
6 0  65 2.746 2678.1
6 0  66 2.795 2722.6
6 0  67 2.844 2765.9
6 0  68 2.893 2809
6 0  69 2.942 2853.5
6 0  70 2.991 2896.8
6 0  71 3.04 2940
6 0  72 3.089 2984.3
6 0  73 3.138 3027.6
6 0  74 3.187 3070.8
6 0  75 3.236 3115.1
6 0  76 3.285 3158.4
6 0  77 3.334 3201.6
6 0  78 3.383 3246.1
6 0  79 3.432 3289.3
6 0  80 3.481 3333.3
6 0  81 3.53 3377
6 0  82 3.579 3420.3
6 0  83 3.628 3464.7
6 0  84 3.677 3508
6 0  85 3.726 3551.2
6 0  86 3.775 3595.5
6 0  87 3.824 3638.7
6 0  88 3.873 3682.1
6 0  89 3.922 3726.3
6 0  90 3.971 3769.5
6 0  91 4.02 3812.4
6 0  92 4.069 3855.8
6 0  93 4.118 3898
6 0  94 4.167 3940.5
6 0  95 4.216 3984.2
6 1  1 0.01 63.875
6 1  2 0.019 71.594
6 1  3 0.028 80.459
6 1  4 0.037 89.277
6 1  5 0.046 97.995
6 1  6 0.055 106.806
6 1  7 0.064 115.714
6 1  8 0.073 124.681
6 1  9 0.082 133.653
6 1  10 0.091 141.79
6 1  11 0.1 150.8
6 1  12 0.149 200.5
6 1  13 0.198 250.4
6 1  14 0.247 299.7
6 1  15 0.296 348.8
6 1  16 0.345 399
6 1  17 0.394 448.1
6 1  18 0.443 497.3
6 1  19 0.492 546.4
6 1  20 0.541 596.6
6 1  21 0.59 645.9
6 1  22 0.639 695.1
6 1  23 0.688 744.2
6 1  24 0.737 794.4
6 1  25 0.786 843.7
6 1  26 0.835 892.9
6 1  27 0.884 941.9
6 1  28 0.933 991.8
6 1  29 0.982 1040.5
6 1  30 1.031 1089
6 1  31 1.08 1137.2
6 1  32 1.129 1186
6 1  33 1.178 1233.2
6 1  34 1.227 1280.1
6 1  35 1.276 1327.4
6 1  36 1.325 1373.1
6 1  37 1.374 1418.5
6 1  38 1.423 1464.5
6 1  39 1.472 1509.1
6 1  40 1.521 1553.5
6 1  41 1.57 1598.5
6 1  42 1.619 1642.4
6 1  43 1.668 1686.1
6 1  44 1.717 1730.5
6 1  45 1.766 1773.8
6 1  46 1.815 1817
6 1  47 1.864 1861
6 1  48 1.913 1904
6 1  49 1.962 1946.7
6 1  50 2.011 1990.5
6 1  51 2.06 2033.2
6 1  52 2.109 2075.9
6 1  53 2.158 2119.7
6 1  54 2.207 2162.4
6 1  55 2.256 2205
6 1  56 2.305 2248.6
6 1  57 2.354 2291.1
6 1  58 2.403 2333.8
6 1  59 2.452 2377
6 1  60 2.501 2419.5
6 1  61 2.55 2462.7
6 1  62 2.599 2505.2
6 1  63 2.648 2547.6
6 1  64 2.697 2591.1
6 1  65 2.746 2633.5
6 1  66 2.795 2676
6 1  67 2.844 2719.3
6 1  68 2.893 2761.8
6 1  69 2.942 2804.3
6 1  70 2.991 2847.7
6 1  71 3.04 2890
6 1  72 3.089 2933.2
6 1  73 3.138 2975.8
6 1  74 3.187 3018.1
6 1  75 3.236 3061.4
6 1  76 3.285 3103.9
6 1  77 3.334 3146.3
6 1  78 3.383 3189.6
6 1  79 3.432 3232
6 1  80 3.481 3274.5
6 1  81 3.53 3317.7
6 1  82 3.579 3360.1
6 1  83 3.628 3402.6
6 1  84 3.677 3445.9
6 1  85 3.726 3488.2
6 1  86 3.775 3531.5
6 1  87 3.824 3573.9
6 1  88 3.873 3616
6 1  89 3.922 3659.5
6 1  90 3.971 3701.7
6 1  91 4.02 3743.9
6 1  92 4.069 3787.1
6 1  93 4.118 3829
6 1  94 4.167 3871.1
6 1  95 4.216 3914.1
6 1  96 4.265 3956.3
6 2  1 0.01 70.805
6 2  2 0.019 79.829
6 2  3 0.028 89.259
6 2  4 0.037 98.402
6 2  5 0.046 107.722
6 2  6 0.055 117.106
6 2  7 0.064 126.532
6 2  8 0.073 135.05
6 2  9 0.082 144.79
6 2  10 0.091 154.44
6 2  11 0.1 164
6 2  12 0.149 216.3
6 2  13 0.198 268.5
6 2  14 0.247 321.5
6 2  15 0.296 373.5
6 2  16 0.345 425.4
6 2  17 0.394 477.3
6 2  18 0.443 530.3
6 2  19 0.492 582.2
6 2  20 0.541 634.1
6 2  21 0.59 686.1
6 2  22 0.639 738.2
6 2  23 0.688 791.2
6 2  24 0.737 843.1
6 2  25 0.786 894.9
6 2  26 0.835 947.1
6 2  27 0.884 1000.1
6 2  28 0.933 1051.6
6 2  29 0.982 1103.1
6 2  30 1.031 1154.4
6 2  31 1.08 1205.3
6 2  32 1.129 1256.9
6 2  33 1.178 1306.9
6 2  34 1.227 1356.4
6 2  35 1.276 1405.3
6 2  36 1.325 1454.7
6 2  37 1.374 1502.8
6 2  38 1.423 1550.4
6 2  39 1.472 1598.6
6 2  40 1.521 1645.8
6 2  41 1.57 1692.4
6 2  42 1.619 1738.9
6 2  43 1.668 1786
6 2  44 1.717 1832
6 2  45 1.766 1877.9
6 2  46 1.815 1924.6
6 2  47 1.864 1970.1
6 2  48 1.913 2015.6
6 2  49 1.962 2062
6 2  50 2.011 2107.4
6 2  51 2.06 2152.7
6 2  52 2.109 2199
6 2  53 2.158 2244.1
6 2  54 2.207 2289.2
6 2  55 2.256 2334.4
6 2  56 2.305 2380.6
6 2  57 2.354 2425.6
6 2  58 2.403 2470.7
6 2  59 2.452 2516.5
6 2  60 2.501 2561.6
6 2  61 2.55 2606.6
6 2  62 2.599 2652.6
6 2  63 2.648 2697.6
6 2  64 2.697 2742.7
6 2  65 2.746 2788.6
6 2  66 2.795 2833.6
6 2  67 2.844 2878.5
6 2  68 2.893 2924.5
6 2  69 2.942 2969.7
6 2  70 2.991 3014.6
6 2  71 3.04 3060.6
6 2  72 3.089 3109.1
6 2  73 3.138 3153.4
6 2  74 3.187 3199.1
6 2  75 3.236 3243.7
6 2  76 3.285 3288.5
6 2  77 3.334 3333.6
6 2  78 3.383 3379
6 2  79 3.432 3423.8
6 2  80 3.481 3468.6
6 2  81 3.53 3514.5
6 2  82 3.579 3559.3
6 2  83 3.628 3604.1
6 2  84 3.677 3650.2
6 2  85 3.726 3694.8
6 2  86 3.775 3739.4
6 2  87 3.824 3784.8
6 2  88 3.873 3828.2
6 2  89 3.922 3870.8
6 2  90 3.971 3912.7
6 2  91 4.02 3951.7
6 2  92 4.069 3988.9
6 3  1 0.01 78.705
6 3  2 0.019 87.775
6 3  3 0.028 96.935
6 3  4 0.037 106.036
6 3  5 0.046 115.167
6 3  6 0.051 120.2
6 3  7 0.055 124.333
6 3  8 0.064 133.486
6 3  9 0.073 141.904
6 3  10 0.082 151.265
6 3  11 0.091 160.511
6 3  12 0.1 169.8
6 3  13 0.149 220.4
6 3  14 0.198 271
6 3  15 0.247 322.8
6 3  16 0.296 373.3
6 3  17 0.345 423.8
6 3  18 0.394 474.4
6 3  19 0.443 525.9
6 3  20 0.492 576.4
6 3  21 0.541 627.1
6 3  22 0.59 677.7
6 3  23 0.639 729.3
6 3  24 0.688 779.9
6 3  25 0.737 830.5
6 3  26 0.786 881
6 3  27 0.835 932.8
6 3  28 0.884 983.2
6 3  29 0.933 1033.4
6 3  30 0.982 1083.6
6 3  31 1.031 1134.3
6 3  32 1.08 1184.3
6 3  33 1.129 1233.5
6 3  34 1.178 1282.2
6 3  35 1.227 1331.3
6 3  36 1.276 1379.1
6 3  37 1.325 1426.3
6 3  38 1.374 1473
6 3  39 1.423 1520.4
6 3  40 1.472 1566.4
6 3  41 1.521 1612.2
6 3  42 1.57 1658.7
6 3  43 1.619 1703.9
6 3  44 1.668 1748.9
6 3  45 1.717 1794.6
6 3  46 1.766 1839.3
6 3  47 1.815 1883.7
6 3  48 1.864 1929
6 3  49 1.913 1973.3
6 3  50 1.962 2017.4
6 3  51 2.011 2062.6
6 3  52 2.06 2106.7
6 3  53 2.109 2150.7
6 3  54 2.158 2195.7
6 3  55 2.207 2239.7
6 3  56 2.256 2283.6
6 3  57 2.305 2328.5
6 3  58 2.354 2372.3
6 3  59 2.403 2416
6 3  60 2.452 2460.7
6 3  61 2.501 2504.5
6 3  62 2.55 2548.2
6 3  63 2.599 2593
6 3  64 2.648 2636.8
6 3  65 2.697 2680.6
6 3  66 2.746 2725.4
6 3  67 2.795 2769.2
6 3  68 2.844 2812.9
6 3  69 2.893 2857.7
6 3  70 2.942 2901.5
6 3  71 2.991 2945.2
6 3  72 3.04 2989.9
6 3  73 3.089 3034.6
6 3  74 3.138 3078.4
6 3  75 3.187 3123
6 3  76 3.236 3166.6
6 3  77 3.285 3210.2
6 3  78 3.334 3255.1
6 3  79 3.383 3298.8
6 3  80 3.432 3342.4
6 3  81 3.481 3387.1
6 3  82 3.53 3430.8
6 3  83 3.579 3474.5
6 3  84 3.628 3519.4
6 3  85 3.677 3563.1
6 3  86 3.726 3606.8
6 3  87 3.775 3651.5
6 3  88 3.824 3695
6 3  89 3.873 3738.5
6 3  90 3.922 3782.6
6 3  91 3.971 3825.2
6 3  92 4.02 3867.3
6 3  93 4.069 3909.7
6 3  94 4.118 3951.1
6 3  95 4.167 3994.3
7 0  1 0.01 87.752
7 0  2 0.019 96.834
7 0  3 0.028 105.896
7 0  4 0.037 114.931
7 0  5 0.046 123.911
7 0  6 0.055 133.031
7 0  7 0.064 141.226
7 0  8 0.073 150.393
7 0  9 0.082 159.818
7 0  10 0.091 169.017
7 0  11 0.1 178.4
7 0  12 0.149 228.6
7 0  13 0.198 278.8
7 0  14 0.247 329.9
7 0  15 0.296 379.8
7 0  16 0.345 429.7
7 0  17 0.394 479.6
7 0  18 0.443 530.6
7 0  19 0.492 580.5
7 0  20 0.541 630.4
7 0  21 0.59 680.6
7 0  22 0.639 731.5
7 0  23 0.688 781.5
7 0  24 0.737 831.4
7 0  25 0.786 881.3
7 0  26 0.835 932.5
7 0  27 0.884 982.2
7 0  28 0.933 1031.9
7 0  29 0.982 1081.4
7 0  30 1.031 1131.7
7 0  31 1.08 1180.8
7 0  32 1.129 1229.5
7 0  33 1.178 1277.4
7 0  34 1.227 1325.9
7 0  35 1.276 1373
7 0  36 1.325 1419.6
7 0  37 1.374 1466.9
7 0  38 1.423 1512.6
7 0  39 1.472 1558.1
7 0  40 1.521 1603.1
7 0  41 1.57 1649
7 0  42 1.619 1693.8
7 0  43 1.668 1738.2
7 0  44 1.717 1783.3
7 0  45 1.766 1827.3
7 0  46 1.815 1871.2
7 0  47 1.864 1916.1
7 0  48 1.913 1959.7
7 0  49 1.962 2003.3
7 0  50 2.011 2047.9
7 0  51 2.06 2091.4
7 0  52 2.109 2134.8
7 0  53 2.158 2179.3
7 0  54 2.207 2222.8
7 0  55 2.256 2267.1
7 0  56 2.305 2310.6
7 0  57 2.354 2353.8
7 0  58 2.403 2398
7 0  59 2.452 2441.2
7 0  60 2.501 2484.4
7 0  61 2.55 2528.6
7 0  62 2.599 2571.8
7 0  63 2.648 2615.1
7 0  64 2.697 2659.4
7 0  65 2.746 2702.5
7 0  66 2.795 2745.8
7 0  67 2.844 2790.1
7 0  68 2.893 2833.2
7 0  69 2.942 2876.6
7 0  70 2.991 2920.9
7 0  71 3.04 2964
7 0  72 3.089 3007.2
7 0  73 3.138 3051.4
7 0  74 3.187 3094.6
7 0  75 3.236 3137.8
7 0  76 3.285 3182
7 0  77 3.334 3225.3
7 0  78 3.383 3268.6
7 0  79 3.432 3312.7
7 0  80 3.481 3356
7 0  81 3.53 3400.1
7 0  82 3.579 3443.5
7 0  83 3.628 3486.8
7 0  84 3.677 3531.1
7 0  85 3.726 3574.3
7 0  86 3.775 3617.5
7 0  87 3.824 3661.7
7 0  88 3.873 3704.9
7 0  89 3.922 3748.1
7 0  90 3.971 3792
7 0  91 4.02 3834.5
7 0  92 4.069 3876.5
7 0  93 4.118 3919.5
7 0  94 4.167 3961.8
7 1  1 0.01 79.951
7 1  2 0.019 87.607
7 1  3 0.028 96.373
7 1  4 0.037 105.244
7 1  5 0.046 114.225
7 1  6 0.051 119.2
7 1  7 0.055 123.367
7 1  8 0.064 132.566
7 1  9 0.073 140.921
7 1  10 0.082 150.292
7 1  11 0.091 159.687
7 1  12 0.1 169
7 1  13 0.149 219.9
7 1  14 0.198 270.9
7 1  15 0.247 322.8
7 1  16 0.296 373.5
7 1  17 0.345 424.3
7 1  18 0.394 475
7 1  19 0.443 526.8
7 1  20 0.492 577.4
7 1  21 0.541 628.2
7 1  22 0.59 679
7 1  23 0.639 730.8
7 1  24 0.688 781.5
7 1  25 0.737 832.2
7 1  26 0.786 883
7 1  27 0.835 934.5
7 1  28 0.884 985.6
7 1  29 0.933 1036.1
7 1  30 0.982 1086.4
7 1  31 1.031 1136.5
7 1  32 1.08 1187.3
7 1  33 1.129 1236.8
7 1  34 1.178 1285.6
7 1  35 1.227 1334.5
7 1  36 1.276 1382.9
7 1  37 1.325 1430.3
7 1  38 1.374 1477.3
7 1  39 1.423 1524.9
7 1  40 1.472 1571.1
7 1  41 1.521 1617.1
7 1  42 1.57 1663.7
7 1  43 1.619 1709.1
7 1  44 1.668 1754.3
7 1  45 1.717 1800.2
7 1  46 1.766 1845.1
7 1  47 1.815 1889.8
7 1  48 1.864 1934.4
7 1  49 1.913 1979.8
7 1  50 1.962 2024.2
7 1  51 2.011 2068.4
7 1  52 2.06 2113.8
7 1  53 2.109 2158
7 1  54 2.158 2202.2
7 1  55 2.207 2247.4
7 1  56 2.256 2291.6
7 1  57 2.305 2335.6
7 1  58 2.354 2380.7
7 1  59 2.403 2424.7
7 1  60 2.452 2468.7
7 1  61 2.501 2513.7
7 1  62 2.55 2557.6
7 1  63 2.599 2601.6
7 1  64 2.648 2646.6
7 1  65 2.697 2690.6
7 1  66 2.746 2734.5
7 1  67 2.795 2779.5
7 1  68 2.844 2823.6
7 1  69 2.893 2867.8
7 1  70 2.942 2912.6
7 1  71 2.991 2956.6
7 1  72 3.04 3000.8
7 1  73 3.089 3045.6
7 1  74 3.138 3089.6
7 1  75 3.187 3133.7
7 1  76 3.236 3178.3
7 1  77 3.285 3222.4
7 1  78 3.334 3266.7
7 1  79 3.383 3311.4
7 1  80 3.432 3355.5
7 1  81 3.481 3400.3
7 1  82 3.53 3444.4
7 1  83 3.579 3488.4
7 1  84 3.628 3533.2
7 1  85 3.677 3577.5
7 1  86 3.726 3621.3
7 1  87 3.775 3666.2
7 1  88 3.824 3710.2
7 1  89 3.873 3753.8
7 1  90 3.922 3798.1
7 1  91 3.971 3840.8
7 1  92 4.02 3882.9
7 1  93 4.069 3925.3
7 1  94 4.118 3966.2
7 2  1 0.01 95.095
7 2  2 0.019 104.841
7 2  3 0.028 114.273
7 2  4 0.037 123.613
7 2  5 0.046 133.081
7 2  6 0.051 137.4
7 2  7 0.055 141.598
7 2  8 0.064 151.019
7 2  9 0.073 160.509
7 2  10 0.082 170.283
7 2  11 0.091 179.888
7 2  12 0.1 189.3
7 2  13 0.149 240.9
7 2  14 0.198 292.3
7 2  15 0.247 343.6
7 2  16 0.296 395.8
7 2  17 0.345 447
7 2  18 0.394 498.2
7 2  19 0.443 549.4
7 2  20 0.492 600.8
7 2  21 0.541 652.7
7 2  22 0.59 704
7 2  23 0.639 755.2
7 2  24 0.688 806.4
7 2  25 0.737 858.6
7 2  26 0.786 909.7
7 2  27 0.835 961
7 2  28 0.884 1012.1
7 2  29 0.933 1064
7 2  30 0.982 1114.7
7 2  31 1.031 1165.4
7 2  32 1.08 1215.6
7 2  33 1.129 1266.6
7 2  34 1.178 1315.7
7 2  35 1.227 1364.3
7 2  36 1.276 1412.6
7 2  37 1.325 1461.3
7 2  38 1.374 1508.7
7 2  39 1.423 1555.7
7 2  40 1.472 1602.2
7 2  41 1.521 1649.7
7 2  42 1.57 1695.7
7 2  43 1.619 1741.4
7 2  44 1.668 1788.1
7 2  45 1.717 1833.2
7 2  46 1.766 1878.5
7 2  47 1.815 1924.3
7 2  48 1.864 1969.2
7 2  49 1.913 2014.1
7 2  50 1.962 2059.8
7 2  51 2.011 2104.5
7 2  52 2.06 2149.1
7 2  53 2.109 2194.8
7 2  54 2.158 2239.3
7 2  55 2.207 2283.8
7 2  56 2.256 2329.3
7 2  57 2.305 2373.7
7 2  58 2.354 2418.1
7 2  59 2.403 2463.3
7 2  60 2.452 2507.7
7 2  61 2.501 2552
7 2  62 2.55 2597.4
7 2  63 2.599 2641.7
7 2  64 2.648 2686.2
7 2  65 2.697 2731.6
7 2  66 2.746 2775.9
7 2  67 2.795 2820.3
7 2  68 2.844 2865.6
7 2  69 2.893 2909.8
7 2  70 2.942 2954.3
7 2  71 2.991 2999.9
7 2  72 3.04 3044
7 2  73 3.089 3088.4
7 2  74 3.138 3133.4
7 2  75 3.187 3178
7 2  76 3.236 3222.4
7 2  77 3.285 3266.9
7 2  78 3.334 3312.1
7 2  79 3.383 3356.5
7 2  80 3.432 3400.9
7 2  81 3.481 3446.2
7 2  82 3.53 3490.5
7 2  83 3.579 3534.9
7 2  84 3.628 3580.3
7 2  85 3.677 3624.8
7 2  86 3.726 3669
7 2  87 3.775 3714.4
7 2  88 3.824 3758.5
7 2  89 3.873 3802.1
7 2  90 3.922 3846.1
7 2  91 3.971 3887.9
7 2  92 4.02 3929.4
7 2  93 4.069 3967.9
7 3  1 0.01 71.827
7 3  2 0.019 81.2
7 3  3 0.028 90.085
7 3  4 0.037 98.989
7 3  5 0.046 107.724
7 3  6 0.055 116.573
7 3  7 0.064 125.356
7 3  8 0.073 134.158
7 3  9 0.082 142.229
7 3  10 0.091 151.211
7 3  11 0.1 160.1
7 3  12 0.149 208.5
7 3  13 0.198 258
7 3  14 0.247 306.4
7 3  15 0.296 355
7 3  16 0.345 403.3
7 3  17 0.394 452.7
7 3  18 0.443 501
7 3  19 0.492 549.3
7 3  20 0.541 598.7
7 3  21 0.59 647.2
7 3  22 0.639 695.5
7 3  23 0.688 743.9
7 3  24 0.737 793.2
7 3  25 0.786 841.5
7 3  26 0.835 890
7 3  27 0.884 938.2
7 3  28 0.933 987.3
7 3  29 0.982 1035.2
7 3  30 1.031 1082.8
7 3  31 1.08 1131.4
7 3  32 1.129 1178.4
7 3  33 1.178 1225
7 3  34 1.227 1270.9
7 3  35 1.276 1317.6
7 3  36 1.325 1362.6
7 3  37 1.374 1407.3
7 3  38 1.423 1452.5
7 3  39 1.472 1496.5
7 3  40 1.521 1540.3
7 3  41 1.57 1584.7
7 3  42 1.619 1627.9
7 3  43 1.668 1670.9
7 3  44 1.717 1714.5
7 3  45 1.766 1757.2
7 3  46 1.815 1800.3
7 3  47 1.864 1843
7 3  48 1.913 1885.3
7 3  49 1.962 1928.5
7 3  50 2.011 1970.5
7 3  51 2.06 2012.6
7 3  52 2.109 2055.6
7 3  53 2.158 2097.6
7 3  54 2.207 2139.7
7 3  55 2.256 2182.7
7 3  56 2.305 2224.6
7 3  57 2.354 2267.2
7 3  58 2.403 2309.3
7 3  59 2.452 2351.1
7 3  60 2.501 2394
7 3  61 2.55 2435.7
7 3  62 2.599 2477.5
7 3  63 2.648 2520.2
7 3  64 2.697 2561.9
7 3  65 2.746 2603.8
7 3  66 2.795 2646.7
7 3  67 2.844 2688.5
7 3  68 2.893 2731.3
7 3  69 2.942 2773.3
7 3  70 2.991 2815.1
7 3  71 3.04 2857.8
7 3  72 3.089 2903.2
7 3  73 3.138 2944.4
7 3  74 3.187 2986.8
7 3  75 3.236 3028.3
7 3  76 3.285 3070
7 3  77 3.334 3112.6
7 3  78 3.383 3154.3
7 3  79 3.432 3196.9
7 3  80 3.481 3238.7
7 3  81 3.53 3280.5
7 3  82 3.579 3323.3
7 3  83 3.628 3365.1
7 3  84 3.677 3407
7 3  85 3.726 3449.6
7 3  86 3.775 3491.4
7 3  87 3.824 3533.6
7 3  88 3.873 3576.1
7 3  89 3.922 3617.8
7 3  90 3.971 3660.6
7 3  91 4.02 3702.4
7 3  92 4.069 3744.1
7 3  93 4.118 3786.9
7 3  94 4.167 3828.6
7 3  95 4.216 3870.4
7 3  96 4.265 3913.2
7 3  97 4.314 3955
7 3  98 4.363 3997.6
8 0  19 0.154 253.942
8 0  20 0.163 264.7
8 0  21 0.172 274.111
8 0  22 0.181 284.744
8 0  23 0.198 305.4
8 0  24 0.247 362.6
8 0  25 0.296 419.7
8 0  26 0.345 476.8
8 0  27 0.394 534.5
8 0  28 0.443 591.8
8 0  29 0.492 648.7
8 0  30 0.541 705.7
8 0  31 0.59 762.7
8 0  32 0.639 819.6
8 0  33 0.688 876.6
8 0  34 0.737 934.3
8 0  35 0.786 991.5
8 0  36 0.835 1048.4
8 0  37 0.884 1105.1
8 0  38 0.933 1161.5
8 0  39 0.982 1217.7
8 0  40 1.031 1273.5
8 0  41 1.08 1329.9
8 0  42 1.129 1385
8 0  43 1.178 1439.3
8 0  44 1.227 1493.2
8 0  45 1.276 1546.2
8 0  46 1.325 1599.8
8 0  47 1.374 1652.1
8 0  48 1.423 1703.6
8 0  49 1.472 1754.8
8 0  50 1.521 1806
8 0  51 1.57 1857.6
8 0  52 1.619 1908.1
8 0  53 1.668 1958.2
8 0  54 1.717 2008.1
8 0  55 1.766 2058.8
8 0  56 1.815 2108.3
8 0  57 1.864 2157.8
8 0  58 1.913 2207.1
8 0  59 1.962 2257.3
8 0  60 2.011 2306.4
8 0  61 2.06 2355.3
8 0  62 2.109 2404.3
8 0  63 2.158 2454.2
8 0  64 2.207 2503.2
8 0  65 2.256 2552
8 0  66 2.305 2600.9
8 0  67 2.354 2650.5
8 0  68 2.403 2699.1
8 0  69 2.452 2747.7
8 0  70 2.501 2797.4
8 0  71 2.55 2846
8 0  72 2.599 2894.6
8 0  73 2.648 2943.1
8 0  74 2.697 2992.7
8 0  75 2.746 3041.2
8 0  76 2.795 3089.5
8 0  77 2.844 3137.9
8 0  78 2.893 3187.3
8 0  79 2.942 3235.9
8 0  80 2.991 3284.1
8 0  81 3.04 3333.3
8 0  82 3.089 3381.8
8 0  83 3.138 3430.3
8 0  84 3.187 3478.4
8 0  85 3.236 3527.8
8 0  86 3.285 3576
8 0  87 3.334 3623.9
8 0  88 3.383 3672
8 0  89 3.432 3721.2
8 0  90 3.481 3769
8 0  91 3.53 3816.7
8 0  92 3.579 3864.7
8 0  93 3.628 3911
8 0  94 3.677 3955.3
8 0  95 3.726 3998.1
8 1  18 0.149 270.9
8 1  19 0.154 275.903
8 1  20 0.163 286.371
8 1  21 0.172 296.61
8 1  22 0.181 306.995
8 1  23 0.198 328.3
8 1  24 0.247 384.5
8 1  25 0.296 440.7
8 1  26 0.345 496.9
8 1  27 0.394 553
8 1  28 0.443 609.2
8 1  29 0.492 666.4
8 1  30 0.541 722.4
8 1  31 0.59 778.5
8 1  32 0.639 834.7
8 1  33 0.688 890.8
8 1  34 0.737 947
8 1  35 0.786 1003
8 1  36 0.835 1060.1
8 1  37 0.884 1115.9
8 1  38 0.933 1171.6
8 1  39 0.982 1227
8 1  40 1.031 1282.2
8 1  41 1.08 1336.9
8 1  42 1.129 1392.1
8 1  43 1.178 1445.7
8 1  44 1.227 1498.9
8 1  45 1.276 1551.4
8 1  46 1.325 1603.4
8 1  47 1.374 1655.8
8 1  48 1.423 1707
8 1  49 1.472 1757.6
8 1  50 1.521 1808.1
8 1  51 1.57 1859.1
8 1  52 1.619 1908.9
8 1  53 1.668 1958.5
8 1  54 1.717 2007.8
8 1  55 1.766 2057.8
8 1  56 1.815 2106.7
8 1  57 1.864 2155.7
8 1  58 1.913 2204.3
8 1  59 1.962 2253.9
8 1  60 2.011 2302.4
8 1  61 2.06 2350.9
8 1  62 2.109 2400.2
8 1  63 2.158 2448.7
8 1  64 2.207 2497.2
8 1  65 2.256 2545.4
8 1  66 2.305 2594.6
8 1  67 2.354 2642.7
8 1  68 2.403 2690.9
8 1  69 2.452 2739.1
8 1  70 2.501 2788.3
8 1  71 2.55 2836.5
8 1  72 2.599 2884.4
8 1  73 2.648 2933.4
8 1  74 2.697 2981.8
8 1  75 2.746 3029.9
8 1  76 2.795 3077.8
8 1  77 2.844 3127
8 1  78 2.893 3175.1
8 1  79 2.942 3223.2
8 1  80 2.991 3271.3
8 1  81 3.04 3320.4
8 1  82 3.089 3368.5
8 1  83 3.138 3416.7
8 1  84 3.187 3465.7
8 1  85 3.236 3514
8 1  86 3.285 3562.1
8 1  87 3.334 3610.1
8 1  88 3.383 3659
8 1  89 3.432 3707
8 1  90 3.481 3755
8 1  91 3.53 3802.7
8 1  92 3.579 3850.8
8 1  93 3.628 3896.9
8 1  94 3.677 3941.1
8 1  95 3.726 3984.8
8 2  17 0.149 243.5
8 2  18 0.154 248.772
8 2  19 0.163 258.707
8 2  20 0.172 268.454
8 2  21 0.181 277.357
8 2  22 0.198 296.3
8 2  23 0.247 349
8 2  24 0.296 401.6
8 2  25 0.345 455.4
8 2  26 0.394 508.1
8 2  27 0.443 560.8
8 2  28 0.492 613.3
8 2  29 0.541 667
8 2  30 0.59 719.4
8 2  31 0.639 772.1
8 2  32 0.688 824.7
8 2  33 0.737 877.2
8 2  34 0.786 930.7
8 2  35 0.835 983.3
8 2  36 0.884 1035.6
8 2  37 0.933 1087.7
8 2  38 0.982 1139.6
8 2  39 1.031 1192.2
8 2  40 1.08 1243.3
8 2  41 1.129 1294.1
8 2  42 1.178 1344.1
8 2  43 1.227 1395
8 2  44 1.276 1444.1
8 2  45 1.325 1492.8
8 2  46 1.374 1541
8 2  47 1.423 1589.8
8 2  48 1.472 1637.1
8 2  49 1.521 1684.2
8 2  50 1.57 1732.1
8 2  51 1.619 1778.6
8 2  52 1.668 1825
8 2  53 1.717 1870.9
8 2  54 1.766 1917.9
8 2  55 1.815 1963.8
8 2  56 1.864 2009.4
8 2  57 1.913 2055.9
8 2  58 1.962 2101.3
8 2  59 2.011 2146.7
8 2  60 2.06 2192.9
8 2  61 2.109 2238
8 2  62 2.158 2283.3
8 2  63 2.207 2329.6
8 2  64 2.256 2374.6
8 2  65 2.305 2419.7
8 2  66 2.354 2465.7
8 2  67 2.403 2510.8
8 2  68 2.452 2555.7
8 2  69 2.501 2600.8
8 2  70 2.55 2646.5
8 2  71 2.599 2691.4
8 2  72 2.648 2736.3
8 2  73 2.697 2782.1
8 2  74 2.746 2826.9
8 2  75 2.795 2871.7
8 2  76 2.844 2917.5
8 2  77 2.893 2962.4
8 2  78 2.942 3007.3
8 2  79 2.991 3053.1
8 2  80 3.04 3097.9
8 2  81 3.089 3142.5
8 2  82 3.138 3188.3
8 2  83 3.187 3233.1
8 2  84 3.236 3277.7
8 2  85 3.285 3323.5
8 2  86 3.334 3368.1
8 2  87 3.383 3412.6
8 2  88 3.432 3458.4
8 2  89 3.481 3503
8 2  90 3.53 3547.8
8 2  91 3.579 3593.6
8 2  92 3.628 3638.6
8 2  93 3.677 3683.1
8 2  94 3.726 3728.8
8 2  95 3.775 3773.4
8 2  96 3.824 3818.1
8 2  97 3.873 3863.8
8 2  98 3.922 3908.7
8 2  99 3.971 3953.4
8 3  18 0.154 238.256
8 3  19 0.163 247.337
8 3  20 0.172 256.277
8 3  21 0.181 265.342
8 3  22 0.198 281.9
8 3  23 0.247 331.1
8 3  24 0.296 379.4
8 3  25 0.345 427.7
8 3  26 0.394 475.9
8 3  27 0.443 525.2
8 3  28 0.492 573.5
8 3  29 0.541 621.6
8 3  30 0.59 669.9
8 3  31 0.639 719.3
8 3  32 0.688 767.5
8 3  33 0.737 815.8
8 3  34 0.786 865.1
8 3  35 0.835 913.4
8 3  36 0.884 961.5
8 3  37 0.933 1009.5
8 3  38 0.982 1058.3
8 3  39 1.031 1106
8 3  40 1.08 1153.1
8 3  41 1.129 1200.4
8 3  42 1.178 1247.1
8 3  43 1.227 1293.1
8 3  44 1.276 1338.5
8 3  45 1.325 1384.4
8 3  46 1.374 1428.9
8 3  47 1.423 1473.2
8 3  48 1.472 1518
8 3  49 1.521 1561.6
8 3  50 1.57 1604.8
8 3  51 1.619 1648.9
8 3  52 1.668 1691.7
8 3  53 1.717 1734.4
8 3  54 1.766 1777.7
8 3  55 1.815 1820
8 3  56 1.864 1863.3
8 3  57 1.913 1905.4
8 3  58 1.962 1947.5
8 3  59 2.011 1990.5
8 3  60 2.06 2032.3
8 3  61 2.109 2074.2
8 3  62 2.158 2117
8 3  63 2.207 2158.8
8 3  64 2.256 2200.8
8 3  65 2.305 2243.2
8 3  66 2.354 2284.9
8 3  67 2.403 2327.6
8 3  68 2.452 2369.2
8 3  69 2.501 2410.9
8 3  70 2.55 2453.6
8 3  71 2.599 2495.1
8 3  72 2.648 2536.6
8 3  73 2.697 2579.4
8 3  74 2.746 2620.9
8 3  75 2.795 2663.4
8 3  76 2.844 2704.8
8 3  77 2.893 2746.3
8 3  78 2.942 2789
8 3  79 2.991 2830.6
8 3  80 3.04 2872.2
8 3  81 3.089 2914.7
8 3  82 3.138 2956.2
8 3  83 3.187 2998.8
8 3  84 3.236 3040.3
8 3  85 3.285 3081.8
8 3  86 3.334 3124.1
8 3  87 3.383 3165.5
8 3  88 3.432 3207.1
8 3  89 3.481 3249.5
8 3  90 3.53 3290.5
8 3  91 3.579 3333.3
8 3  92 3.628 3376
8 3  93 3.677 3416.8
8 3  94 3.726 3459.4
8 3  95 3.775 3500.8
8 3  96 3.824 3542.4
8 3  97 3.873 3584.6
8 3  98 3.922 3626.7
8 3  99 3.971 3667.9
8 3  100 4.02 3710.7
8 3  101 4.069 3752.4
8 3  102 4.118 3795.8
8 3  103 4.167 3837.3
8 3  104 4.216 3878.4
8 3  105 4.265 3921
8 3  106 4.314 3962.8
9 0  20 0.163 272.728
9 0  21 0.172 282.988
9 0  22 0.181 293.468
9 0  23 0.198 314.3
9 0  24 0.247 370.3
9 0  25 0.296 426.5
9 0  26 0.345 482.7
9 0  27 0.394 538.7
9 0  28 0.443 595.8
9 0  29 0.492 651.7
9 0  30 0.541 707.7
9 0  31 0.59 763.7
9 0  32 0.639 819.7
9 0  33 0.688 875.7
9 0  34 0.737 932.7
9 0  35 0.786 988.4
9 0  36 0.835 1044.4
9 0  37 0.884 1100
9 0  38 0.933 1155.4
9 0  39 0.982 1210.7
9 0  40 1.031 1266.5
9 0  41 1.08 1321.4
9 0  42 1.129 1375.4
9 0  43 1.178 1428.9
9 0  44 1.227 1481.9
9 0  45 1.276 1534.6
9 0  46 1.325 1587.1
9 0  47 1.374 1638.4
9 0  48 1.423 1689.3
9 0  49 1.472 1739.7
9 0  50 1.521 1790.9
9 0  51 1.57 1840.6
9 0  52 1.619 1890.3
9 0  53 1.668 1939.6
9 0  54 1.717 1989.6
9 0  55 1.766 2038.4
9 0  56 1.815 2087.1
9 0  57 1.864 2135.6
9 0  58 1.913 2185.1
9 0  59 1.962 2233.4
9 0  60 2.011 2281.7
9 0  61 2.06 2330.7
9 0  62 2.109 2378.8
9 0  63 2.158 2426.7
9 0  64 2.207 2475
9 0  65 2.256 2523.9
9 0  66 2.305 2571.8
9 0  67 2.354 2619.7
9 0  68 2.403 2667.7
9 0  69 2.452 2716.2
9 0  70 2.501 2763.9
9 0  71 2.55 2811.5
9 0  72 2.599 2860.2
9 0  73 2.648 2907.8
9 0  74 2.697 2955.5
9 0  75 2.746 3003.1
9 0  76 2.795 3051.7
9 0  77 2.844 3099.2
9 0  78 2.893 3146.7
9 0  79 2.942 3195.3
9 0  80 2.991 3242.7
9 0  81 3.04 3290.2
9 0  82 3.089 3337.7
9 0  83 3.138 3386.1
9 0  84 3.187 3433.5
9 0  85 3.236 3480.9
9 0  86 3.285 3529.3
9 0  87 3.334 3576.3
9 0  88 3.383 3623.5
9 0  89 3.432 3670.7
9 0  90 3.481 3718.9
9 0  91 3.53 3766
9 0  92 3.579 3812.8
9 0  93 3.628 3860.3
9 0  94 3.677 3905.6
9 0  95 3.726 3949.7
9 0  96 3.775 3994.9
9 1  19 0.154 245.636
9 1  20 0.163 256.016
9 1  21 0.172 266.198
9 1  22 0.181 275.522
9 1  23 0.198 296
9 1  24 0.247 351.5
9 1  25 0.296 407.1
9 1  26 0.345 463.6
9 1  27 0.394 519.2
9 1  28 0.443 574.7
9 1  29 0.492 630.1
9 1  30 0.541 685.5
9 1  31 0.59 740.8
9 1  32 0.639 797.3
9 1  33 0.688 852.6
9 1  34 0.737 908.1
9 1  35 0.786 963.4
9 1  36 0.835 1018.9
9 1  37 0.884 1073.9
9 1  38 0.933 1129.7
9 1  39 0.982 1184.5
9 1  40 1.031 1238.8
9 1  41 1.08 1292.9
9 1  42 1.129 1346.3
9 1  43 1.178 1400.2
9 1  44 1.227 1452.7
9 1  45 1.276 1504.5
9 1  46 1.325 1555.8
9 1  47 1.374 1606.5
9 1  48 1.423 1658
9 1  49 1.472 1707.8
9 1  50 1.521 1757.5
9 1  51 1.57 1806.8
9 1  52 1.619 1857
9 1  53 1.668 1905.7
9 1  54 1.717 1954.3
9 1  55 1.766 2002.7
9 1  56 1.815 2051.9
9 1  57 1.864 2100
9 1  58 1.913 2148
9 1  59 1.962 2196.8
9 1  60 2.011 2244.5
9 1  61 2.06 2292.1
9 1  62 2.109 2339.8
9 1  63 2.158 2388.4
9 1  64 2.207 2436.1
9 1  65 2.256 2483.6
9 1  66 2.305 2532
9 1  67 2.354 2579.4
9 1  68 2.403 2626.8
9 1  69 2.452 2674.1
9 1  70 2.501 2722.3
9 1  71 2.55 2769.5
9 1  72 2.599 2816.8
9 1  73 2.648 2864.9
9 1  74 2.697 2912.2
9 1  75 2.746 2959.4
9 1  76 2.795 3006.5
9 1  77 2.844 3054.6
9 1  78 2.893 3101.7
9 1  79 2.942 3148.8
9 1  80 2.991 3196.9
9 1  81 3.04 3243.9
9 1  82 3.089 3290.8
9 1  83 3.138 3337.8
9 1  84 3.187 3385.9
9 1  85 3.236 3432.8
9 1  86 3.285 3479.8
9 1  87 3.334 3527.3
9 1  88 3.383 3574
9 1  89 3.432 3620.9
9 1  90 3.481 3667.7
9 1  91 3.53 3715.6
9 1  92 3.579 3762.1
9 1  93 3.628 3808.4
9 1  94 3.677 3855.2
9 1  95 3.726 3900.7
9 1  96 3.775 3946.3
9 1  97 3.824 3993.4
9 2  20 0.172 289.756
9 2  21 0.181 300.279
9 2  22 0.198 320.7
9 2  23 0.247 377
9 2  24 0.296 433.4
9 2  25 0.345 489.7
9 2  26 0.394 546
9 2  27 0.443 602.4
9 2  28 0.492 659.6
9 2  29 0.541 715.8
9 2  30 0.59 772
9 2  31 0.639 828.3
9 2  32 0.688 884.4
9 2  33 0.737 940.6
9 2  34 0.786 997.8
9 2  35 0.835 1053.9
9 2  36 0.884 1109.7
9 2  37 0.933 1165.5
9 2  38 0.982 1221.1
9 2  39 1.031 1276.2
9 2  40 1.08 1332.2
9 2  41 1.129 1386.4
9 2  42 1.178 1440.1
9 2  43 1.227 1493.5
9 2  44 1.276 1545.9
9 2  45 1.325 1599.1
9 2  46 1.374 1650.6
9 2  47 1.423 1701.7
9 2  48 1.472 1752.3
9 2  49 1.521 1802.8
9 2  50 1.57 1853.8
9 2  51 1.619 1903.6
9 2  52 1.668 1953.2
9 2  53 1.717 2002.4
9 2  54 1.766 2052.4
9 2  55 1.815 2101.5
9 2  56 1.864 2150.3
9 2  57 1.913 2199.9
9 2  58 1.962 2248.4
9 2  59 2.011 2297
9 2  60 2.06 2345.4
9 2  61 2.109 2394.7
9 2  62 2.158 2443.1
9 2  63 2.207 2491.4
9 2  64 2.256 2539.5
9 2  65 2.305 2588.8
9 2  66 2.354 2636.9
9 2  67 2.403 2685
9 2  68 2.452 2733.4
9 2  69 2.501 2782
9 2  70 2.55 2830
9 2  71 2.599 2877.9
9 2  72 2.648 2926.9
9 2  73 2.697 2974.9
9 2  74 2.746 3022.8
9 2  75 2.795 3070.6
9 2  76 2.844 3119.5
9 2  77 2.893 3167.4
9 2  78 2.942 3215.3
9 2  79 2.991 3264.1
9 2  80 3.04 3312
9 2  81 3.089 3359.7
9 2  82 3.138 3407.5
9 2  83 3.187 3456.4
9 2  84 3.236 3504.1
9 2  85 3.285 3552
9 2  86 3.334 3600.2
9 2  87 3.383 3648
9 2  88 3.432 3695.7
9 2  89 3.481 3743.1
9 2  90 3.53 3791.5
9 2  91 3.579 3838.5
9 2  92 3.628 3884.6
9 2  93 3.677 3930.3
9 3  18 0.154 243.319
9 3  19 0.163 252.757
9 3  20 0.172 261.965
9 3  21 0.181 270.202
9 3  22 0.198 288.2
9 3  23 0.247 338.1
9 3  24 0.296 389.1
9 3  25 0.345 439.1
9 3  26 0.394 488.9
9 3  27 0.443 538.8
9 3  28 0.492 589.8
9 3  29 0.541 639.6
9 3  30 0.59 689.4
9 3  31 0.639 739.2
9 3  32 0.688 790.1
9 3  33 0.737 840
9 3  34 0.786 889.8
9 3  35 0.835 939.7
9 3  36 0.884 990.4
9 3  37 0.933 1039.9
9 3  38 0.982 1089.1
9 3  39 1.031 1138.1
9 3  40 1.08 1187.8
9 3  41 1.129 1236
9 3  42 1.178 1283.7
9 3  43 1.227 1332
9 3  44 1.276 1378.7
9 3  45 1.325 1425
9 3  46 1.374 1470.8
9 3  47 1.423 1517.3
9 3  48 1.472 1562.4
9 3  49 1.521 1607.2
9 3  50 1.57 1652.8
9 3  51 1.619 1697
9 3  52 1.668 1741.2
9 3  53 1.717 1786.1
9 3  54 1.766 1829.8
9 3  55 1.815 1873.4
9 3  56 1.864 1918
9 3  57 1.913 1961.4
9 3  58 1.962 2004.7
9 3  59 2.011 2049
9 3  60 2.06 2092.1
9 3  61 2.109 2135.2
9 3  62 2.158 2179.3
9 3  63 2.207 2222.5
9 3  64 2.256 2266.6
9 3  65 2.305 2309.5
9 3  66 2.354 2352.4
9 3  67 2.403 2396.4
9 3  68 2.452 2439.3
9 3  69 2.501 2482.3
9 3  70 2.55 2526.2
9 3  71 2.599 2569.1
9 3  72 2.648 2611.8
9 3  73 2.697 2655.8
9 3  74 2.746 2698.7
9 3  75 2.795 2741.3
9 3  76 2.844 2785.1
9 3  77 2.893 2828
9 3  78 2.942 2870.8
9 3  79 2.991 2914.7
9 3  80 3.04 2957.4
9 3  81 3.089 3000.6
9 3  82 3.138 3044
9 3  83 3.187 3086.8
9 3  84 3.236 3130.5
9 3  85 3.285 3173.3
9 3  86 3.334 3215.8
9 3  87 3.383 3259.4
9 3  88 3.432 3302.1
9 3  89 3.481 3344.9
9 3  90 3.53 3388.6
9 3  91 3.579 3431.3
9 3  92 3.628 3474.3
9 3  93 3.677 3517.9
9 3  94 3.726 3560.7
9 3  95 3.775 3603.3
9 3  96 3.824 3647.1
9 3  97 3.873 3689.6
9 3  98 3.922 3733.2
9 3  99 3.971 3776.1
9 3  100 4.02 3818.9
9 3  101 4.069 3862.6
9 3  102 4.118 3905.5
9 3  103 4.167 3948.2
9 3  104 4.216 3991.8
10 0  18 0.154 264.013
10 0  19 0.163 274.286
10 0  20 0.172 285.267
10 0  21 0.181 296.388
10 0  22 0.198 318.1
10 0  23 0.247 378
10 0  24 0.296 438.1
10 0  25 0.345 498
10 0  26 0.394 557.9
10 0  27 0.443 617.9
10 0  28 0.492 677.6
10 0  29 0.541 737.4
10 0  30 0.59 798.1
10 0  31 0.639 858
10 0  32 0.688 917.8
10 0  33 0.737 977.5
10 0  34 0.786 1037.2
10 0  35 0.835 1097.2
10 0  36 0.884 1156.6
10 0  37 0.933 1216.1
10 0  38 0.982 1275.3
10 0  39 1.031 1334.5
10 0  40 1.08 1393.4
10 0  41 1.129 1451.2
10 0  42 1.178 1508.5
10 0  43 1.227 1565.1
10 0  44 1.276 1621.1
10 0  45 1.325 1676.6
10 0  46 1.374 1732.3
10 0  47 1.423 1786.9
10 0  48 1.472 1840.8
10 0  49 1.521 1894.6
10 0  50 1.57 1947.8
10 0  51 1.619 2000.9
10 0  52 1.668 2054.5
10 0  53 1.717 2107
10 0  54 1.766 2159.2
10 0  55 1.815 2211.4
10 0  56 1.864 2264.3
10 0  57 1.913 2316.2
10 0  58 1.962 2367.9
10 0  59 2.011 2419.5
10 0  60 2.06 2471.1
10 0  61 2.109 2523.6
10 0  62 2.158 2575
10 0  63 2.207 2626.4
10 0  64 2.256 2677.6
10 0  65 2.305 2729.9
10 0  66 2.354 2781.1
10 0  67 2.403 2832.4
10 0  68 2.452 2883.4
10 0  69 2.501 2934.4
10 0  70 2.55 2986.7
10 0  71 2.599 3037.7
10 0  72 2.648 3088.6
10 0  73 2.697 3139.7
10 0  74 2.746 3191.6
10 0  75 2.795 3242.4
10 0  76 2.844 3293.3
10 0  77 2.893 3344.2
10 0  78 2.942 3396.1
10 0  79 2.991 3447.1
10 0  80 3.04 3497.9
10 0  81 3.089 3548.7
10 0  82 3.138 3600.2
10 0  83 3.187 3651
10 0  84 3.236 3701.6
10 0  85 3.285 3752
10 0  86 3.334 3801.7
10 0  87 3.383 3851.7
10 0  88 3.432 3898.6
10 0  89 3.481 3942.6
10 0  90 3.53 3983.6
10 1  18 0.154 252.231
10 1  19 0.163 262.309
10 1  20 0.172 271.138
10 1  21 0.181 281.147
10 1  22 0.198 300.5
10 1  23 0.247 354.1
10 1  24 0.296 407.6
10 1  25 0.345 462.3
10 1  26 0.394 515.7
10 1  27 0.443 569.1
10 1  28 0.492 622.6
10 1  29 0.541 676
10 1  30 0.59 730.5
10 1  31 0.639 783.8
10 1  32 0.688 837.3
10 1  33 0.737 890.7
10 1  34 0.786 944
10 1  35 0.835 998.4
10 1  36 0.884 1051.4
10 1  37 0.933 1104.4
10 1  38 0.982 1157.2
10 1  39 1.031 1209.6
10 1  40 1.08 1262.7
10 1  41 1.129 1314.2
10 1  42 1.178 1365.3
10 1  43 1.227 1415.9
10 1  44 1.276 1466.8
10 1  45 1.325 1516.2
10 1  46 1.374 1565.1
10 1  47 1.423 1613.8
10 1  48 1.472 1662.9
10 1  49 1.521 1710.7
10 1  50 1.57 1758.1
10 1  51 1.619 1805.4
10 1  52 1.668 1853.5
10 1  53 1.717 1900.3
10 1  54 1.766 1946.9
10 1  55 1.815 1994.3
10 1  56 1.864 2040.8
10 1  57 1.913 2086.9
10 1  58 1.962 2133.5
10 1  59 2.011 2180
10 1  60 2.06 2225.9
10 1  61 2.109 2271.8
10 1  62 2.158 2318.7
10 1  63 2.207 2364.7
10 1  64 2.256 2410.4
10 1  65 2.305 2457
10 1  66 2.354 2502.6
10 1  67 2.403 2548.3
10 1  68 2.452 2594.9
10 1  69 2.501 2640.4
10 1  70 2.55 2685.9
10 1  71 2.599 2732.3
10 1  72 2.648 2777.8
10 1  73 2.697 2823.2
10 1  74 2.746 2868.6
10 1  75 2.795 2915
10 1  76 2.844 2960.2
10 1  77 2.893 3005.7
10 1  78 2.942 3052.2
10 1  79 2.991 3097.4
10 1  80 3.04 3142.7
10 1  81 3.089 3189
10 1  82 3.138 3234.1
10 1  83 3.187 3279.3
10 1  84 3.236 3325.5
10 1  85 3.285 3370.7
10 1  86 3.334 3415.6
10 1  87 3.383 3461.5
10 1  88 3.432 3506.6
10 1  89 3.481 3551.7
10 1  90 3.53 3597.9
10 1  91 3.579 3642.9
10 1  92 3.628 3688
10 1  93 3.677 3733.4
10 1  94 3.726 3778.7
10 1  95 3.775 3823.6
10 1  96 3.824 3868.5
10 1  97 3.873 3914.4
10 1  98 3.922 3959.2
10 2  17 0.149 265.5
10 2  18 0.154 270.531
10 2  19 0.163 280.829
10 2  20 0.172 291.021
10 2  21 0.181 301.476
10 2  22 0.198 321.5
10 2  23 0.247 377.4
10 2  24 0.296 433.4
10 2  25 0.345 489.2
10 2  26 0.394 545.1
10 2  27 0.443 600.9
10 2  28 0.492 657.7
10 2  29 0.541 713.4
10 2  30 0.59 769.1
10 2  31 0.639 824.8
10 2  32 0.688 880.6
10 2  33 0.737 936.4
10 2  34 0.786 993.2
10 2  35 0.835 1049
10 2  36 0.884 1104.5
10 2  37 0.933 1159.8
10 2  38 0.982 1214.9
10 2  39 1.031 1269.8
10 2  40 1.08 1325.1
10 2  41 1.129 1378.9
10 2  42 1.178 1432.3
10 2  43 1.227 1485.2
10 2  44 1.276 1537.2
10 2  45 1.325 1589.9
10 2  46 1.374 1641
10 2  47 1.423 1691.8
10 2  48 1.472 1742
10 2  49 1.521 1793
10 2  50 1.57 1842.6
10 2  51 1.619 1892
10 2  52 1.668 1941.3
10 2  53 1.717 1991.2
10 2  54 1.766 2039.8
10 2  55 1.815 2088.4
10 2  56 1.864 2136.8
10 2  57 1.913 2186.1
10 2  58 1.962 2234.3
10 2  59 2.011 2282.4
10 2  60 2.06 2331.3
10 2  61 2.109 2379.3
10 2  62 2.158 2427.3
10 2  63 2.207 2475.2
10 2  64 2.256 2524.1
10 2  65 2.305 2571.8
10 2  66 2.354 2619.4
10 2  67 2.403 2667.6
10 2  68 2.452 2715.8
10 2  69 2.501 2763.4
10 2  70 2.55 2811
10 2  71 2.599 2859.6
10 2  72 2.648 2907.1
10 2  73 2.697 2954.6
10 2  74 2.746 3002.2
10 2  75 2.795 3050.5
10 2  76 2.844 3098
10 2  77 2.893 3145.6
10 2  78 2.942 3194.1
10 2  79 2.991 3241.4
10 2  80 3.04 3288.9
10 2  81 3.089 3336.1
10 2  82 3.138 3384.5
10 2  83 3.187 3431.9
10 2  84 3.236 3479.2
10 2  85 3.285 3527.6
10 2  86 3.334 3574.7
10 2  87 3.383 3621.7
10 2  88 3.432 3668.9
10 2  89 3.481 3717
10 2  90 3.53 3764
10 2  91 3.579 3811
10 2  92 3.628 3858.4
10 2  93 3.677 3903.5
10 2  94 3.726 3947.4
10 2  95 3.775 3992.2
10 3  17 0.149 232.7
10 3  18 0.154 238.17
10 3  19 0.163 248.061
10 3  20 0.172 257.642
10 3  21 0.181 267.442
10 3  22 0.198 285.4
10 3  23 0.247 337.5
10 3  24 0.296 390.8
10 3  25 0.345 442.9
10 3  26 0.394 495
10 3  27 0.443 547.2
10 3  28 0.492 600.1
10 3  29 0.541 652.3
10 3  30 0.59 704.4
10 3  31 0.639 756.6
10 3  32 0.688 808.6
10 3  33 0.737 861.7
10 3  34 0.786 913.8
10 3  35 0.835 965.9
10 3  36 0.884 1017.8
10 3  37 0.933 1069.5
10 3  38 0.982 1122.1
10 3  39 1.031 1173.4
10 3  40 1.08 1224.4
10 3  41 1.129 1274.9
10 3  42 1.178 1325.8
10 3  43 1.227 1375.5
10 3  44 1.276 1424.3
10 3  45 1.325 1472.9
10 3  46 1.374 1521.8
10 3  47 1.423 1569.6
10 3  48 1.472 1616.8
10 3  49 1.521 1664.7
10 3  50 1.57 1711.4
10 3  51 1.619 1757.8
10 3  52 1.668 1803.9
10 3  53 1.717 1850.9
10 3  54 1.766 1896.7
10 3  55 1.815 1942.3
10 3  56 1.864 1988.9
10 3  57 1.913 2034.3
10 3  58 1.962 2079.7
10 3  59 2.011 2125.9
10 3  60 2.06 2171
10 3  61 2.109 2216.2
10 3  62 2.158 2262.2
10 3  63 2.207 2307.6
10 3  64 2.256 2352.4
10 3  65 2.305 2398.5
10 3  66 2.354 2443.3
10 3  67 2.403 2488.3
10 3  68 2.452 2533.6
10 3  69 2.501 2579.2
10 3  70 2.55 2624
10 3  71 2.599 2668.8
10 3  72 2.648 2714.6
10 3  73 2.697 2759.5
10 3  74 2.746 2804.4
10 3  75 2.795 2850.2
10 3  76 2.844 2895
10 3  77 2.893 2939.9
10 3  78 2.942 2985.8
10 3  79 2.991 3030.6
10 3  80 3.04 3075.4
10 3  81 3.089 3121.2
10 3  82 3.138 3166
10 3  83 3.187 3210.8
10 3  84 3.236 3256.5
10 3  85 3.285 3301.2
10 3  86 3.334 3345.7
10 3  87 3.383 3391.4
10 3  88 3.432 3436.2
10 3  89 3.481 3481
10 3  90 3.53 3526.6
10 3  91 3.579 3571.4
10 3  92 3.628 3616.4
10 3  93 3.677 3662.1
10 3  94 3.726 3706.9
10 3  95 3.775 3751.5
10 3  96 3.824 3797.4
10 3  97 3.873 3842.2
10 3  98 3.922 3886.9
10 3  99 3.971 3932.9
11 0  17 0.149 267.3
11 0  18 0.154 272.137
11 0  19 0.163 282.474
11 0  20 0.172 292.658
11 0  21 0.181 302.791
11 0  22 0.198 322.7
11 0  23 0.247 377.2
11 0  24 0.296 431.6
11 0  25 0.345 486
11 0  26 0.394 540.5
11 0  27 0.443 595.8
11 0  28 0.492 650.1
11 0  29 0.541 704.4
11 0  30 0.59 758.7
11 0  31 0.639 813.1
11 0  32 0.688 867.8
11 0  33 0.737 922.9
11 0  34 0.786 977.2
11 0  35 0.835 1031.7
11 0  36 0.884 1085.9
11 0  37 0.933 1139.9
11 0  38 0.982 1194.8
11 0  39 1.031 1248.4
11 0  40 1.08 1301.5
11 0  41 1.129 1354.3
11 0  42 1.178 1406.5
11 0  43 1.227 1459.3
11 0  44 1.276 1510.5
11 0  45 1.325 1561.1
11 0  46 1.374 1611.3
11 0  47 1.423 1662
11 0  48 1.472 1711.3
11 0  49 1.521 1760.5
11 0  50 1.57 1809.2
11 0  51 1.619 1858.7
11 0  52 1.668 1906.9
11 0  53 1.717 1955.1
11 0  54 1.766 2002.9
11 0  55 1.815 2051.7
11 0  56 1.864 2099.3
11 0  57 1.913 2146.8
11 0  58 1.962 2195.1
11 0  59 2.011 2242.5
11 0  60 2.06 2289.7
11 0  61 2.109 2337.1
11 0  62 2.158 2385.1
11 0  63 2.207 2432.6
11 0  64 2.256 2479.7
11 0  65 2.305 2527.8
11 0  66 2.354 2575
11 0  67 2.403 2622
11 0  68 2.452 2669.1
11 0  69 2.501 2717.2
11 0  70 2.55 2764.2
11 0  71 2.599 2811.2
11 0  72 2.648 2859.3
11 0  73 2.697 2906.4
11 0  74 2.746 2953.5
11 0  75 2.795 3000.7
11 0  76 2.844 3048.5
11 0  77 2.893 3095.7
11 0  78 2.942 3143
11 0  79 2.991 3191
11 0  80 3.04 3238
11 0  81 3.089 3285.2
11 0  82 3.138 3333.2
11 0  83 3.187 3380.6
11 0  84 3.236 3427.6
11 0  85 3.285 3474.9
11 0  86 3.334 3522.8
11 0  87 3.383 3569.9
11 0  88 3.432 3617.2
11 0  89 3.481 3665.4
11 0  90 3.53 3712.7
11 0  91 3.579 3759.8
11 0  92 3.628 3807
11 0  93 3.677 3854.8
11 0  94 3.726 3900.9
11 0  95 3.775 3946.6
11 0  96 3.824 3993.7
11 1  20 0.163 248.334
11 1  21 0.172 257.629
11 1  22 0.181 267.106
11 1  23 0.198 284.3
11 1  24 0.247 334.5
11 1  25 0.296 384.9
11 1  26 0.345 434.7
11 1  27 0.394 484.5
11 1  28 0.443 534.6
11 1  29 0.492 585
11 1  30 0.541 634.7
11 1  31 0.59 684.4
11 1  32 0.639 734.5
11 1  33 0.688 784.8
11 1  34 0.737 834.5
11 1  35 0.786 884.3
11 1  36 0.835 934.5
11 1  37 0.884 984.6
11 1  38 0.933 1033.9
11 1  39 0.982 1083.3
11 1  40 1.031 1133.3
11 1  41 1.08 1181.9
11 1  42 1.129 1230
11 1  43 1.178 1277.7
11 1  44 1.227 1326
11 1  45 1.276 1372.6
11 1  46 1.325 1418.9
11 1  47 1.374 1465.7
11 1  48 1.423 1511.2
11 1  49 1.472 1556.1
11 1  50 1.521 1600.9
11 1  51 1.57 1646.5
11 1  52 1.619 1690.7
11 1  53 1.668 1734.8
11 1  54 1.717 1779.7
11 1  55 1.766 1823.4
11 1  56 1.815 1867.5
11 1  57 1.864 1911.5
11 1  58 1.913 1954.9
11 1  59 1.962 1999.2
11 1  60 2.011 2042.5
11 1  61 2.06 2085.6
11 1  62 2.109 2129.8
11 1  63 2.158 2172.8
11 1  64 2.207 2215.9
11 1  65 2.256 2259.9
11 1  66 2.305 2302.9
11 1  67 2.354 2345.8
11 1  68 2.403 2389.8
11 1  69 2.452 2432.9
11 1  70 2.501 2475.9
11 1  71 2.55 2519.8
11 1  72 2.599 2562.6
11 1  73 2.648 2605.5
11 1  74 2.697 2649.4
11 1  75 2.746 2692.3
11 1  76 2.795 2735.2
11 1  77 2.844 2779.1
11 1  78 2.893 2822
11 1  79 2.942 2866
11 1  80 2.991 2908.9
11 1  81 3.04 2951.7
11 1  82 3.089 2995.8
11 1  83 3.138 3038.6
11 1  84 3.187 3081.6
11 1  85 3.236 3125.4
11 1  86 3.285 3168.3
11 1  87 3.334 3210.9
11 1  88 3.383 3254.6
11 1  89 3.432 3297.6
11 1  90 3.481 3340.5
11 1  91 3.53 3384.4
11 1  92 3.579 3427.4
11 1  93 3.628 3470.5
11 1  94 3.677 3514.5
11 1  95 3.726 3557.5
11 1  96 3.775 3600.7
11 1  97 3.824 3644.6
11 1  98 3.873 3687.6
11 1  99 3.922 3731.7
11 1  100 3.971 3774.8
11 1  101 4.02 3817.9
11 1  102 4.069 3862.2
11 1  103 4.118 3905.3
11 1  104 4.167 3948.5
11 1  105 4.216 3992.6
11 2  18 0.154 294.327
11 2  19 0.163 305.616
11 2  20 0.172 316.708
11 2  21 0.181 327.989
11 2  22 0.198 349
11 2  23 0.247 409.6
11 2  24 0.296 470.3
11 2  25 0.345 531.8
11 2  26 0.394 592.3
11 2  27 0.443 652.7
11 2  28 0.492 712.9
11 2  29 0.541 773.3
11 2  30 0.59 833.8
11 2  31 0.639 894.3
11 2  32 0.688 954.6
11 2  33 0.737 1015.1
11 2  34 0.786 1075.4
11 2  35 0.835 1135.8
11 2  36 0.884 1197
11 2  37 0.933 1256.9
11 2  38 0.982 1316.7
11 2  39 1.031 1376.1
11 2  40 1.08 1434.9
11 2  41 1.129 1493.2
11 2  42 1.178 1551
11 2  43 1.227 1608.2
11 2  44 1.276 1665.6
11 2  45 1.325 1721.5
11 2  46 1.374 1776.8
11 2  47 1.423 1831.8
11 2  48 1.472 1886.3
11 2  49 1.521 1940.5
11 2  50 1.57 1995.4
11 2  51 1.619 2048.9
11 2  52 1.668 2102.1
11 2  53 1.717 2155.1
11 2  54 1.766 2207.8
11 2  55 1.815 2261.6
11 2  56 1.864 2314.1
11 2  57 1.913 2366.5
11 2  58 1.962 2418.8
11 2  59 2.011 2471.1
11 2  60 2.06 2524.1
11 2  61 2.109 2576.3
11 2  62 2.158 2628.1
11 2  63 2.207 2680.2
11 2  64 2.256 2733.1
11 2  65 2.305 2785
11 2  66 2.354 2836.8
11 2  67 2.403 2888.7
11 2  68 2.452 2940.5
11 2  69 2.501 2993.3
11 2  70 2.55 3045.1
11 2  71 2.599 3096.8
11 2  72 2.648 3148.5
11 2  73 2.697 3200.6
11 2  74 2.746 3252.9
11 2  75 2.795 3304.4
11 2  76 2.844 3356.1
11 2  77 2.893 3407.7
11 2  78 2.942 3460.6
11 2  79 2.991 3512.3
11 2  80 3.04 3563.8
11 2  81 3.089 3615.4
11 2  82 3.138 3667
11 2  83 3.187 3719.5
11 2  84 3.236 3770.7
11 2  85 3.285 3821.1
11 2  86 3.334 3869.9
11 2  87 3.383 3916.6
11 2  88 3.432 3957.3
11 2  89 3.481 3992.8
11 3  21 0.181 278.378
11 3  22 0.198 298
11 3  23 0.247 351.7
11 3  24 0.296 405.4
11 3  25 0.345 460.2
11 3  26 0.394 513.8
11 3  27 0.443 567.4
11 3  28 0.492 621
11 3  29 0.541 674.5
11 3  30 0.59 729.1
11 3  31 0.639 782.7
11 3  32 0.688 836.2
11 3  33 0.737 889.7
11 3  34 0.786 943.2
11 3  35 0.835 997.9
11 3  36 0.884 1051.2
11 3  37 0.933 1104.4
11 3  38 0.982 1157.4
11 3  39 1.031 1210
11 3  40 1.08 1263.2
11 3  41 1.129 1315.1
11 3  42 1.178 1366.3
11 3  43 1.227 1417
11 3  44 1.276 1467.6
11 3  45 1.325 1517.8
11 3  46 1.374 1567
11 3  47 1.423 1615.8
11 3  48 1.472 1665.1
11 3  49 1.521 1713.2
11 3  50 1.57 1760.9
11 3  51 1.619 1808.4
11 3  52 1.668 1856.6
11 3  53 1.717 1903.6
11 3  54 1.766 1950.5
11 3  55 1.815 1998.2
11 3  56 1.864 2044.9
11 3  57 1.913 2091.2
11 3  58 1.962 2137.6
11 3  59 2.011 2184.8
11 3  60 2.06 2231
11 3  61 2.109 2277.2
11 3  62 2.158 2324.3
11 3  63 2.207 2370.4
11 3  64 2.256 2416.4
11 3  65 2.305 2463.4
11 3  66 2.354 2509.3
11 3  67 2.403 2555.3
11 3  68 2.452 2601.2
11 3  69 2.501 2648.1
11 3  70 2.55 2693.9
11 3  71 2.599 2739.5
11 3  72 2.648 2786.2
11 3  73 2.697 2832.1
11 3  74 2.746 2877.8
11 3  75 2.795 2924.6
11 3  76 2.844 2970.2
11 3  77 2.893 3016
11 3  78 2.942 3062.9
11 3  79 2.991 3108.6
11 3  80 3.04 3154.2
11 3  81 3.089 3200.4
11 3  82 3.138 3246.6
11 3  83 3.187 3292.2
11 3  84 3.236 3337.8
11 3  85 3.285 3384.4
11 3  86 3.334 3429.8
11 3  87 3.383 3475.5
11 3  88 3.432 3522
11 3  89 3.481 3567.7
11 3  90 3.53 3612.9
11 3  91 3.579 3660
11 3  92 3.628 3705.9
11 3  93 3.677 3751.2
11 3  94 3.726 3797.6
11 3  95 3.775 3843
11 3  96 3.824 3888.7
11 3  97 3.873 3934.2
11 3  98 3.922 3980.6
