*     Z        A    	  tel  crystal    normalization 	gradient
      1        1    	    0	     0       0.00645394        1.499e-06
      1        1    	    0	     1       0.00654352      1.65469e-06
      1        1    	    0	     2       0.00675489      1.76177e-06
      1        1    	    0	     3        0.0066274      1.37884e-06
      1        1    	    1	     0       0.00675387      1.94355e-06
      1        1    	    1	     1       0.00662669       1.6389e-06
      1        1    	    1	     2       0.00679368      2.12892e-06
      1        1    	    1	     3       0.00651025      1.84479e-06
      1        1    	    2	     0       0.00652412      2.08735e-06
      1        1    	    2	     1       0.00608717      1.76207e-06
      1        1    	    2	     2       0.00674406       2.0737e-06
      1        1    	    2	     3       0.00653126      2.04791e-06
      1        1    	    3	     0       0.00670288      2.44984e-06
      1        1    	    3	     1       0.00693133      2.07958e-06
      1        1    	    3	     2       0.00485101       2.8101e-06
      1        1    	    3	     3       0.00676382      1.92889e-06
      1        1    	    4	     0       0.00627047      1.53504e-06
      1        1    	    4	     1       0.00631878      1.45721e-06
      1        1    	    4	     2       0.00702621      1.68435e-06
      1        1    	    4	     3       0.00682558      1.72987e-06
      1        1    	    5	     0       0.00664972       1.4532e-06
      1        1    	    5	     1        0.0077011      1.90036e-06
      1        1    	    5	     2       0.00836715      1.98437e-06
      1        1    	    5	     3        0.0114225      8.11149e-07
      1        1    	    6	     0       0.00631157      1.80725e-06
      1        1    	    6	     1       0.00677244      1.91791e-06
      1        1    	    6	     2       0.00662306      2.26845e-06
      1        1    	    6	     3       0.00639494      1.87676e-06
      1        1    	    7	     0       0.00655016      1.68882e-06
      1        1    	    7	     1       0.00705258      2.20739e-06
      1        1    	    7	     2        0.0070871      2.36132e-06
      1        1    	    7	     3       0.00697055      2.16449e-06
      1        1    	    8	     0       0.00671094      2.01359e-06
      1        1    	    8	     1       0.00690204      2.03232e-06
      1        1    	    8	     2       0.00694962      2.21038e-06
      1        1    	    8	     3       0.00679239      2.16067e-06
      1        1    	    9	     0       0.00649683      2.13285e-06
      1        1    	    9	     1       0.00629678      1.56069e-06
      1        1    	    9	     2       0.00679759      2.15589e-06
      1        1    	    9	     3       0.00713642      1.83533e-06
      1        1    	   10	     0       0.00700094      2.44357e-06
      1        1    	   10	     1       0.00732932      2.26939e-06
      1        1    	   10	     2        0.0077388      2.56312e-06
      1        1    	   10	     3        0.0071419      2.72469e-06
      1        1    	   11	     0       0.00670661       1.9216e-06
      1        1    	   11	     1       0.00702408      2.09319e-06
      1        1    	   11	     2       0.00703443       2.0146e-06
      1        1    	   11	     3        0.0071058      1.99495e-06
*     Z        A    telescope  CsI num  Normalization (V/MeV)  Gradient (1/um)
      1        2    	    0	     0       0.00661527      1.04124e-06
      1        2    	    0	     1       0.00670939      1.08263e-06
      1        2    	    0	     2        0.0069556      1.12669e-06
      1        2    	    0	     3       0.00682671      1.01437e-06
      1        2    	    1	     0       0.00700482      1.43832e-06
      1        2    	    1	     1       0.00687452      1.21155e-06
      1        2    	    1	     2       0.00697537      1.66943e-06
      1        2    	    1	     3       0.00666629      1.29463e-06
      1        2    	    2	     0        0.0068351      1.61496e-06
      1        2    	    2	     1        0.0061549      1.32596e-06
      1        2    	    2	     2       0.00704038      1.48298e-06
      1        2    	    2	     3       0.00676892      1.74724e-06
      1        2    	    3	     0       0.00698123      1.71817e-06
      1        2    	    3	     1       0.00718436       1.5966e-06
      1        2    	    3	     2       0.00497983      2.61294e-06
      1        2    	    3	     3       0.00700177      1.37127e-06
      1        2    	    4	     0       0.00647529      9.18328e-07
      1        2    	    4	     1       0.00655292      8.45472e-07
      1        2    	    4	     2       0.00714238      1.03996e-06
      1        2    	    4	     3       0.00689298      9.74267e-07
      1        2    	    5	     0       0.00677261      6.10605e-07
      1        2    	    5	     1       0.00788232       1.3116e-06
      1        2    	    5	     2       0.00832722      1.02557e-06
      1        2    	    5	     3         0.011534 	   3e-06
      1        2    	    6	     0       0.00653177      1.37394e-06
      1        2    	    6	     1        0.0069881       1.4444e-06
      1        2    	    6	     2       0.00668339      1.69959e-06
      1        2    	    6	     3       0.00646529      1.23454e-06
      1        2    	    7	     0        0.0067556      1.16155e-06
      1        2    	    7	     1       0.00720543      1.65298e-06
      1        2    	    7	     2       0.00695806       1.4134e-06
      1        2    	    7	     3       0.00694514      1.49808e-06
      1        2    	    8	     0        0.0066215       1.3206e-06
      1        2    	    8	     1       0.00685153      2.11669e-06
      1        2    	    8	     2        0.0068407 	   3e-06
      1        2    	    8	     3       0.00660299 	   3e-06
      1        2    	    9	     0       0.00642945 	   3e-06
      1        2    	    9	     1       0.00625421      1.23793e-06
      1        2    	    9	     2       0.00668805 	   3e-06
      1        2    	    9	     3       0.00703977 	   3e-06
      1        2    	   10	     0       0.00704558      2.37864e-06
      1        2    	   10	     1       0.00738685      2.23924e-06
      1        2    	   10	     2       0.00767107 	   3e-06
      1        2    	   10	     3       0.00696645 	   3e-06
      1        2    	   11	     0       0.00662699       1.6976e-06
      1        2    	   11	     1       0.00685927 	   3e-06
      1        2    	   11	     2       0.00691435 	   3e-06
      1        2    	   11	     3        0.0069629       5.1975e-07
*     Z        A    telescope  CsI num  Normalization (V/MeV)  Gradient (1/um)
      1        3    	    0	   0	   0.00672347	   8.24702e-07
      1        3    	    0	   1	   0.00674718	   7.20485e-07
      1        3    	    0	   2	   0.00699394	   7.39188e-07
      1        3    	    0	   3	    0.0069183	   8.22332e-07
      1        3    	    1	   0	   0.00705179	   1.08078e-06
      1        3    	    1	   1	   0.00695651	   9.82487e-07
      1        3    	    1	   2	   0.00709674	    1.4372e-06
      1        3    	    1	   3	   0.00675928	   1.05556e-06
      1        3    	    2	   0	   0.00688218	   1.28215e-06
      1        3    	    2	   1	   0.00621737	   1.02256e-06
      1        3    	    2	   2	   0.00706882	   1.03003e-06
      1        3    	    2	   3	   0.00682004	   1.38615e-06
      1        3    	    3	   0	   0.00702955	   1.30375e-06
      1        3    	    3	   1	   0.00720417	   1.14099e-06
      1        3    	    3	   2	   0.00502623	   2.77446e-06
      1        3    	    3	   3	    0.0070609	   1.02389e-06
      1        3    	    4	   0	   0.00653202	   5.25298e-07
      1        3    	    4	   1	   0.00660026	   4.54393e-07
      1        3    	    4	   2	   0.00721038	   6.55043e-07
      1        3    	    4	   3	   0.00696397	   8.03563e-07
      1        3    	    5	   0	   0.00684921	   4.05115e-07
      1        3    	    5	   1	   0.00801106		 3e-06
      1        3    	    5	   2	   0.00847957		 3e-06
      1        3    	    5	   3	     0.010677	   7.76254e-16
      1        3    	    6	   0	   0.00662551		 3e-06
      1        3    	    6	   1	   0.00705167	   1.13435e-06
      1        3    	    6	   2	   0.00675004		 3e-06
      1        3    	    6	   3	   0.00655244		 3e-06
      1        3    	    7	   0	   0.00684733		 3e-06
      1        3    	    7	   1	   0.00724383		 3e-06
      1        3    	    7	   2	   0.00702964		 3e-06
      1        3    	    7	   3	   0.00706039		 3e-06
      1        3    	    8	   0	   0.00673606		 3e-06
      1        3    	    8	   1	   0.00696791		 3e-06
      1        3    	    8	   2	   0.00691709		 3e-06
      1        3    	    8	   3	   0.00669532		 3e-06
      1        3    	    9	   0	   0.00650888		 3e-06
      1        3    	    9	   1	   0.00636975		 3e-06
      1        3    	    9	   2	   0.00677405		 3e-06
      1        3    	    9	   3	   0.00715862		 3e-06
      1        3    	   10	   0	   0.00710491		 3e-06
      1        3    	   10	   1	   0.00747801		 3e-06
      1        3    	   10	   2	   0.00774412		 3e-06
      1        3    	   10	   3	   0.00703549		 3e-06
      1        3    	   11	   0	   0.00671385		 3e-06
      1        3    	   11	   1	   0.00690705		 3e-06
      1        3    	   11	   2	   0.00697086	   1.88009e-06
      1        3    	   11	   3	    0.0070869		 3e-06
*         Z          A  telescope     CsI num  Intercept (MeV)   Slope (MeV/V)
         2         3         0           0          4.22117          138.865
         2         3         0           1          4.44875          138.082
         2         3         0           2          4.31419          133.205
         2         3         0           3          4.67826          134.116
         2         3         1           0          4.14342          132.556
         2         3         1           1          4.06878          134.671
         2         3         1           2          4.13805          133.095
         2         3         1           3          3.98226          138.621
         2         3         2           0          3.98676            136.3
         2         3         2           1          3.61298           146.68
         2         3         2           2          3.58609          132.717
         2         3         2           3          3.46672          138.087
         2         3         3           0          3.86365          133.608
         2         3         3           1          3.59621          131.227
         2         3         3           2          3.44615          190.668
         2         3         3           3          3.93634          132.735
         2         3         4           0          3.96093          143.013
         2         3         4           1          4.05521          141.292
         2         3         4           2          4.03758          129.172
         2         3         4           3           4.1704          133.255
         2         3         5           0          4.24637          134.572
         2         3         5           1          4.06965           115.75
         2         3         5           2          4.86135          108.824
         2         3         5           3          5.04647          78.0119
         2         3         6           0           4.3902          143.483
         2         3         6           1          4.52801          133.584
         2         3         6           2          4.41318          140.068
         2         3         6           3          4.47457          143.538
         2         3         7           0          4.28599          137.768
         2         3         7           1          3.78267          132.099
         2         3         7           2          4.00223          133.993
         2         3         7           3          3.89724          133.598
         2         3         8           0          4.48517          138.337
         2         3         8           1          4.19948          133.384
         2         3         8           2          3.83936          136.043
         2         3         8           3          4.01811           138.01
         2         3         9           0          3.98773          143.425
         2         3         9           1          3.70503          147.334
         2         3         9           2           4.2202          138.292
         2         3         9           3          4.22869          129.604
         2         3        10           0          3.60621          133.455
         2         3        10           1          3.77692          126.755
         2         3        10           2           3.3125           122.73
         2         3        10           3          3.39988          134.437
         2         3        11           0          4.30912          140.575
         2         3        11           1           4.4381          136.877
         2         3        11           2          3.91416          135.832
         2         3        11           3          3.88578          133.029
*         Z          A  telescope     CsI num  Intercept (MeV)   Slope (MeV/V)
         2         4         0           0          5.93114          137.186
         2         4         0           1          5.75334          136.941
         2         4         0           2          5.89331          131.772
         2         4         0           3           6.3822          132.081
         2         4         1           0          5.38776          131.657
         2         4         1           1          5.45034          133.407
         2         4         1           2          5.61743          131.565
         2         4         1           3          5.51962          137.101
         2         4         2           0          6.35909          133.361
         2         4         2           1          4.88994          145.011
         2         4         2           2          5.05426          130.913
         2         4         2           3          5.03075           136.33
         2         4         3           0          5.33501          131.955
         2         4         3           1          4.95758          130.172
         2         4         3           2          4.79313          188.618
         2         4         3           3          5.58528          130.675
         2         4         4           0          5.11989          141.966
         2         4         4           1          5.31659          140.039
         2         4         4           2          5.18272           127.98
         2         4         4           3          5.56331          131.881
         2         4         5           0           6.0741          132.513
         2         4         5           1          5.37934          114.704
         2         4         5           2          6.20211          108.112
         2         4         5           3           6.2125          78.0584
         2         4         6           0          6.38415          140.691
         2         4         6           1          5.98638          132.349
         2         4         6           2          5.77827          139.101
         2         4         6           3          5.82329          142.099
         2         4         7           0          5.46453          137.204
         2         4         7           1          4.94553          131.045
         2         4         7           2          5.33114          132.271
         2         4         7           3          5.23375          132.376
         2         4         8           0          5.66564          137.203
         2         4         8           1          5.25732          132.597
         2         4         8           2          5.09921          134.445
         2         4         8           3          5.12445          136.718
         2         4         9           0          5.42805          141.867
         2         4         9           1          5.18971          145.177
         2         4         9           2          5.44477          137.389
         2         4         9           3          5.33155          128.489
         2         4        10           0          5.10279          131.505
         2         4        10           1          4.98812          125.512
         2         4        10           2          4.67197          121.265
         2         4        10           3          5.24651          131.967
         2         4        11           0           5.4829          139.784
         2         4        11           1           5.9635           134.69
         2         4        11           2          3.76825          137.128
         2         4        11           3          5.33056           129.03
