*F(0)/B(1)       tel     strip     Intercepts          Slope 
         0         0         0       -1.04343     0.00697894
         0         0         1      -0.998252     0.00718867
         0         0         2       -1.07994     0.00698391
         0         0         3       -1.12397     0.00711338
         0         0         4       -1.08616     0.00697695
         0         0         5       -1.15204      0.0070914
         0         0         6      -0.916751     0.00697112
         0         0         7       -1.19086     0.00709587
         0         0         8       -1.02374      0.0069787
         0         0         9       -1.28155     0.00709397
         0         0        10       -1.03955     0.00699311
         0         0        11       -1.15029     0.00710694
         0         0        12       -1.19455     0.00695817
         0         0        13       -1.20584     0.00708974
         0         0        14       -1.06839     0.00700529
         0         0        15       -1.23301     0.00708894
         0         0        16         -1.087     0.00701039
         0         0        17       -1.18123     0.00709954
         0         0        18      -0.978819     0.00699643
         0         0        19       -1.13556     0.00706001
         0         0        20       -1.00333     0.00703034
         0         0        21       -1.07831      0.0070274
         0         0        22       -1.05283     0.00701567
         0         0        23      -0.992833     0.00701538
         0         0        24       -1.07641     0.00701375
         0         0        25       -1.16244     0.00704405
         0         0        26       -1.12822     0.00705001
         0         0        27       -1.25508     0.00703721
         0         0        28       -1.05807      0.0070006
         0         0        29       -1.22104     0.00704932
         0         0        30       -1.08699      0.0070075
         0         0        31       -1.15214     0.00697773
         0         1         0       -1.10484     0.00734528
         0         1         1       -1.25136     0.00718784
         0         1         2       -1.17806      0.0073701
         0         1         3       -1.15223     0.00715264
         0         1         4        -1.1071     0.00738836
         0         1         5       -1.16619     0.00715693
         0         1         6       -1.10581     0.00739563
         0         1         7       -1.23017       0.007166
         0         1         8       -1.21987     0.00738921
         0         1         9       -1.08476     0.00711144
         0         1        10       -1.09083     0.00741311
         0         1        11          -1.16     0.00713763
         0         1        12       -1.11472     0.00737939
         0         1        13       -1.19541     0.00714398
         0         1        14       -1.10993     0.00736134
         0         1        15       -1.30722     0.00712192
         0         1        16      -0.951283     0.00739212
         0         1        18       -1.14191     0.00736103
         0         1        19       -1.16911     0.00714212
         0         1        20       -1.19677     0.00740587
         0         1        21       -1.14154     0.00708256
         0         1        22        -1.2653     0.00737311
         0         1        23       -1.28105     0.00709438
         0         1        24       -1.17251     0.00738906
         0         1        25       -1.19138     0.00707411
         0         1        26       -1.14171      0.0073792
         0         1        27       -1.18822     0.00705468
         0         1        28        -1.1744     0.00737968
         0         1        29       -1.12283     0.00703176
         0         1        30       -1.11544      0.0073736
         0         1        31       -1.16846     0.00706567
         0         2         1       -1.25007     0.00732258
         0         2         2       -1.08425     0.00723503
         0         2         3       -1.11049     0.00735284
         0         2         4       -1.16244      0.0072778
         0         2         5       -1.15685     0.00736077
         0         2         6       -1.14626      0.0072311
         0         2         7       -1.19675     0.00730159
         0         2         8       -1.14449     0.00725973
         0         2         9       -1.25717     0.00734475
	 0         2        10       -1.02114     0.00725027
         0         2        11       -1.17068     0.00733463
         0         2        12        -1.1053     0.00720295
         0         2        13       -1.16606      0.0073512
         0         2        14       -1.14524     0.00722345
         0         2        15       -1.27566     0.00734889
         0         2        16       -1.14577     0.00725341
         0         2        17       -1.16385     0.00736215
         0         2        18      -0.993501     0.00722513
         0         2        19       -1.19731     0.00737004
         0         2        20       -1.13108     0.00722379
         0         2        21       -1.09413     0.00739231
         0         2        22       -1.16513     0.00722686
         0         2        23       -1.21534     0.00737968
         0         2        24       -1.17858     0.00718708
         0         2        25         -1.149     0.00733907
         0         2        26       -1.21061     0.00721899
         0         2        27       -1.30085     0.00734558
         0         2        28       -1.19397     0.00718536
         0         2        29       -1.20857     0.00734317
         0         2        30       -1.22136     0.00719797
         0         2        31       -1.18321     0.00732964
         0         3         0       -1.06709     0.00706228
         0         3         1        -1.1729     0.00713747
         0         3         2       -1.04454     0.00708975
         0         3         3       -1.21326     0.00712366
         0         3         4       -1.05927     0.00710021
         0         3         5       -1.24865     0.00708612
         0         3         6       -1.06675     0.00708277
         0         3         7       -1.20204     0.00707139
         0         3         8      -0.980603     0.00707898
         0         3         9       -1.26767     0.00704365
         0         3        10       -1.08605     0.00707461
         0         3        11       -1.13595     0.00714638
         0         3        12       -1.09524     0.00706713
         0         3        13       -1.12976     0.00709456
         0         3        14       -1.12901     0.00709603
         0         3        15       -1.21158     0.00709657
         0         3        16       -1.10965     0.00705964
         0         3        17       -1.13476     0.00714081
         0         3        18       -1.11511     0.00708488
         0         3        19       -1.26323     0.00711365
         0         3        20       -1.00623     0.00704015
         0         3        21       -1.09885     0.00707955
         0         3        22       -1.07283     0.00701056
         0         3        23       -1.21459     0.00707786
         0         3        24       -1.10212     0.00705959
         0         3        25       -1.13595     0.00710881
         0         3        26       -1.08852      0.0069983
         0         3        27       -1.13075     0.00709694
         0         3        28       -1.01294     0.00706195
         0         3        29       -1.20039     0.00709162
         0         3        30       -1.12845     0.00698013
         0         3        31       -1.21884     0.00706577
         0         4         0      -0.896726     0.00719958
         0         4         1       -0.95719     0.00727024
         0         4         2      -0.963539     0.00716468
         0         4         3       -1.14527     0.00725115
         0         4         4       -1.11604     0.00718682
         0         4         5        -1.1511     0.00724513
         0         4         6       -1.04116      0.0072255
         0         4         7       -1.10305     0.00726047
         0         4         8      -0.940779     0.00719151
         0         4         9       -1.17316     0.00724236
         0         4        10      -0.996818     0.00716181
         0         4        11       -1.18118     0.00721789
         0         4        12       -1.09963     0.00721428
         0         4        13       -1.12678     0.00722816
         0         4        14       -1.06233     0.00726945
         0         4        15       -1.16868     0.00726707
         0         4        16      -0.989807     0.00727059
         0         4        17       -1.19954      0.0073061
         0         4        18       -1.01243      0.0071856
         0         4        19       -1.16713     0.00731177
         0         4        20        -1.0123     0.00718647
         0         4        21       -1.13056     0.00720093
         0         4        22       -1.04007     0.00720721
         0         4        23       -1.11198     0.00723711
         0         4        24       -1.11742     0.00719653
         0         4        25       -1.15786     0.00720861
         0         4        26       -1.08494     0.00720515
	 0         4        27        -1.1198     0.00719953
         0         4        28       -1.12086     0.00717601
         0         4        29       -1.21217     0.00720674
         0         4        30       -1.20165     0.00718927
         0         4        31       -1.09676     0.00715587
         0         5         0       -1.14045     0.00720727
         0         5         1       -1.34209     0.00733528
         0         5         2       -1.14011     0.00717382
         0         5         3       -1.30604     0.00735219
         0         5         4       -1.07944     0.00718348
         0         5         5       -1.20973     0.00733621
         0         5         6        -1.2242     0.00718785
         0         5         7       -1.21795     0.00732396
         0         5         8       -1.06896      0.0071749
         0         5         9       -1.28194      0.0073101
         0         5        10       -1.21408     0.00715085
         0         5        11       -1.27725     0.00732958
         0         5        12       -1.09676     0.00713898
         0         5        13       -1.17247     0.00734789
         0         5        14       -1.10628      0.0071512
         0         5        15       -1.22879     0.00730546
         0         5        16       -1.16068     0.00716314
         0         5        17       -1.23121     0.00732966
	 0         5        18       -1.11203     0.00713868
         0         5        19       -1.24285     0.00727193
         0         5        20       -1.14955     0.00721309
         0         5        21       -1.29419     0.00729201
         0         5        22       -1.16198     0.00717357
         0         5        23       -1.24013     0.00731696
         0         5        24       -1.14619     0.00715961
         0         5        25       -1.25321     0.00728417
         0         5        26       -1.25982     0.00713442
         0         5        27       -1.27679     0.00730618
         0         5        28       -1.15844     0.00713302
         0         5        29       -1.25393      0.0073019
         0         5        30       -1.20366     0.00715235
         0         5        31       -1.39875     0.00728529
         0         6         0       -1.05422     0.00777567
         0         6         1       -1.20126     0.00755032
         0         6         2       -1.09018     0.00785134
         0         6         3       -1.29506     0.00744573
         0         6         4       -1.16239     0.00784295
         0         6         5       -1.17747     0.00737097
         0         6         6       -1.20262     0.00789456
         0         6         7       -1.21152     0.00738265
         0         6         8       -1.33255     0.00782799
         0         6         9       -1.21407     0.00737574
         0         6        10        -1.0309     0.00782861
         0         6        11       -1.20678     0.00735336
         0         6        12       -1.11979     0.00779051
         0         6        14       -1.25198     0.00780495
         0         6        15       -1.08228     0.00735634
         0         6        16       -1.11302     0.00779607
         0         6        17       -1.21083     0.00733286
         0         6        18       -1.12825     0.00774527
         0         6        19       -1.17842     0.00726613
         0         6        20       -1.12661     0.00776654
         0         6        21       -1.18722     0.00735304
         0         6        22       -1.10024     0.00773247
         0         6        23       -1.07055      0.0072731
         0         6        24       -1.13142     0.00772149
         0         6        25       -1.18793     0.00728343
         0         6        26       -1.01407     0.00770626
         0         6        27       -1.18786     0.00730007
         0         6        28       -1.14839     0.00771082
         0         6        29       -1.07066     0.00724783
         0         6        30       -1.19076     0.00768403
         0         6        31       -1.31447     0.00725665
         0         7         0        -1.0267      0.0072263
         0         7         1       -1.24846     0.00742819
         0         7         2       -1.18231     0.00722255
         0         7         3       -1.28896     0.00736488
         0         7         4        -1.1135     0.00739134
         0         7         5       -1.40869     0.00741878
         0         7         6       -1.14381     0.00726764
         0         7         7       -1.40451      0.0073829
         0         7         8       -1.16446     0.00723356
         0         7         9       -1.29555      0.0073814
         0         7        10       -1.06613     0.00729929
	 0         7        11       -1.20286     0.00737015
         0         7        12       -1.13672     0.00725386
         0         7        13        -1.4052     0.00740611
         0         7        14       -1.09379     0.00724678
         0         7        15       -1.19248      0.0074232
         0         7        16       -1.17108     0.00726505
         0         7        17       -1.17412     0.00740983
         0         7        18       -1.17894     0.00725238
         0         7        19       -1.28282     0.00741216
         0         7        20       -1.06246      0.0072483
         0         7        21       -1.22736     0.00738124
         0         7        22       -1.17109     0.00725148
         0         7        23       -1.19567     0.00738612
         0         7        24       -1.20432     0.00728159
         0         7        25       -1.37014     0.00739278
         0         7        26       -1.07001     0.00722699
         0         7        27       -1.29703      0.0073845
         0         7        28       -1.18076     0.00725536
         0         7        29       -1.18118     0.00737148
         0         7        30       -1.06494     0.00722609
         0         7        31       -1.26879     0.00733684
         0         8         0      -0.934633     0.00723628
         0         8         1       -1.07807     0.00707393
         0         8         2       -1.13356     0.00731368
         0         8         3       -1.11019      0.0071081
         0         8         4       -1.16622     0.00726859
         0         8         5       -1.07904     0.00716974
         0         8         6      -0.969709     0.00726928
         0         8         7       -1.18103     0.00711167
         0         8         8       -1.11535     0.00726057
         0         8         9       -1.15749     0.00710373
         0         8        10       -1.08593      0.0072603
         0         8        11         -1.079     0.00710375
         0         8        12       -1.06845     0.00727577
         0         8        13       -1.11809     0.00708913
         0         8        14       -1.09578     0.00729949
         0         8        15       -1.27366     0.00710185
         0         8        16        -1.0673     0.00728725
         0         8        17       -1.24158     0.00709596
         0         8        18       -1.00224     0.00729591
         0         8        19       -1.25711     0.00704103
         0         8        20       -1.01959     0.00727044
         0         8        21       -1.15052     0.00705758
         0         8        22       -1.05057     0.00726904
         0         8        23       -0.99469     0.00705145
         0         8        24        -1.0569     0.00729438
         0         8        25       -1.25187     0.00704942
         0         8        26       -1.09344     0.00727395
         0         8        27       -1.20111     0.00703592
         0         8        28         -1.034     0.00725861
         0         8        29       -1.17523     0.00700288
         0         8        30       -1.08916     0.00727372
         0         8        31       -1.09103     0.00698102
         0         9         0       -1.04218     0.00732231
         0         9         1       -1.32866     0.00731192
         0         9         2       -1.15114     0.00735694
         0         9         3       -1.35792     0.00727346
         0         9         4       -1.14785     0.00738732
         0         9         5        -1.3834     0.00729526
         0         9         6       -1.21492     0.00736848
         0         9         7       -1.30711     0.00729312
         0         9         8       -1.13786     0.00736024
         0         9         9       -1.36306     0.00727008
         0         9        10       -1.05263     0.00738751
         0         9        11       -1.27751     0.00728348
         0         9        12        -1.1698     0.00734316
         0         9        13       -1.26949     0.00724267
         0         9        14       -1.09426     0.00736062
         0         9        15        -1.5597     0.00730071
         0         9        16       -1.13501     0.00738571
         0         9        17       -1.35872     0.00734155
         0         9        18        -1.0734      0.0073735
         0         9        19       -1.28962     0.00723435
         0         9        20       -1.02469     0.00737639
         0         9        21       -1.37351     0.00727381
         0         9        22        -1.2762     0.00737392
         0         9        23       -1.44326      0.0072497
         0         9        24       -1.12427     0.00731863
         0         9        25       -1.36865     0.00723352
         0         9        26       -1.15501     0.00736325
         0         9        27       -0.14998     0.00582974
         0         9        28       -1.18485     0.00733554
         0         9        29       -1.27398     0.00724146
         0         9        30        -1.3018     0.00732452
         0         9        31       -1.39322     0.00723907
         0        10         0      -0.884125     0.00710974
         0        10         1       -1.12804     0.00700863
         0        10         2      -0.976299     0.00713747
         0        10         3       -1.29553     0.00692341
         0        10         4       -1.15855     0.00714084
         0        10         5       -1.28421     0.00693339
         0        10         6       -1.15111     0.00710564
         0        10         7       -1.24738     0.00693807
         0        10         8      -0.958846     0.00715632
         0        10         9       -1.09831     0.00692265
         0        10        10      -0.970277     0.00712409
         0        10        11       -1.19462     0.00695235
         0        10        12      -0.940556     0.00714811
         0        10        13       -1.19672     0.00696662
         0        10        14       -1.14637     0.00713753
         0        10        15       -1.20864     0.00697038
         0        10        16       -1.11105     0.00711872
         0        10        17       -1.14677     0.00695506
         0        10        18       -1.12539     0.00714268
         0        10        19       -1.22566     0.00693545
         0        10        20       -1.13631     0.00712338
         0        10        21       -1.35581     0.00692688
         0        10        22       -1.00522     0.00710099
         0        10        23       -1.20511     0.00695609
         0        10        24       -1.06496     0.00712864
         0        10        25       -1.05376     0.00709584
         0        10        26        -1.1167     0.00713227
         0        10        27       -1.27258     0.00691364
         0        10        28       -1.08445     0.00711593
         0        10        29       -1.16948     0.00692416
         0        10        30       -1.15679     0.00711258
         0        10        31       -1.21665     0.00692579
         0        11         0       -1.17164     0.00718685
         0        11         1        -1.2754     0.00697166
         0        11         2       -1.08594     0.00717771
         0        11         3       -1.18365     0.00699095
         0        11         4       -1.00625     0.00719635
         0        11         5       -1.22606     0.00698759
         0        11         6       -1.16737     0.00720515
         0        11         7       -1.16876     0.00695968
         0        11         8       -1.04444     0.00716978
         0        11         9       -1.16111     0.00701286
         0        11        10       -1.06963     0.00717758
         0        11        11       -1.26631     0.00701926
         0        11        12       -1.09884     0.00717056
         0        11        13       -1.19294      0.0069846
         0        11        14       -1.17699     0.00720416
         0        11        15       -1.32297     0.00699693
         0        11        16       -1.20832     0.00719346
         0        11        17       -1.26481      0.0070053
         0        11        18       -1.10145     0.00718849
         0        11        19       -1.23198     0.00700243
         0        11        20        -1.0747     0.00717742
         0        11        21       -1.20016     0.00697308
         0        11        22        -1.1071     0.00716036
         0        11        23       -1.21794     0.00696361
         0        11        24       -1.07169     0.00718055
         0        11        25       -1.11097     0.00699874
         0        11        26       -1.09169     0.00718189
         0        11        27       -1.16913     0.00698565
         0        11        28       -1.12912     0.00716767
         0        11        29       -1.12717     0.00693803
         0        11        30       -1.02922     0.00720835
         1         0         0      -0.430737     0.00668421
         1         0         1      -0.460168     0.00677967
         1         0         2      -0.467542     0.00664829
         1         0         3       -0.32294     0.00679766
         1         0         4      -0.303681     0.00667537
         1         0         5      -0.358973     0.00679052
         1         0         6      -0.478177     0.00675297
         1         0         7      -0.382556     0.00682098
         1         0         8      -0.540411     0.00667814
         1         0         9      -0.671566     0.00679869
         1         0        10      -0.578944     0.00666304
         1         0        11      -0.504257     0.00684308
         1         0        12       -0.60049     0.00667011
         1         0        13      -0.490403       0.006859
         1         0        14      -0.474735     0.00676076
         1         0        15      -0.523016     0.00683078
         1         0        16      -0.585079     0.00665939
         1         0        17      -0.408097     0.00685154
         1         0        18       -1.21091     0.00666397
         1         0        19      -0.442333      0.0067878
         1         0        20      -0.677482     0.00662798
         1         0        21      -0.524606     0.00677143
         1         0        22      -0.521958     0.00670396
         1         0        23      -0.649323     0.00680462
         1         0        24      -0.665724     0.00663704
         1         0        25      -0.522594     0.00682601
         1         0        26      -0.678638     0.00666095
         1         0        27      -0.525422     0.00678168
         1         0        28      -0.632459     0.00664796
         1         0        29      -0.344458     0.00687172
         1         0        30      -0.784662     0.00661246
         1         0        31      -0.668065     0.00675111
         1         1         0      -0.369152     0.00671681
         1         1         1      -0.297299     0.00692019
         1         1         2      -0.507025     0.00663735
         1         1         3      -0.520039     0.00694641
         1         1         4      -0.326185     0.00680661
         1         1         5      -0.506506      0.0068923
         1         1         6      -0.471194     0.00665807
         1         1         7      -0.162511     0.00696051
         1         1         8      -0.396903     0.00688933
         1         1         9      -0.558619     0.00694872
         1         1        10      -0.715129     0.00669155
         1         1        11      -0.571082     0.00692752
         1         1        12      -0.645421     0.00670665
         1         1        13      -0.588735     0.00696811
         1         1        14       -0.58966     0.00668379
         1         1        15      -0.520954     0.00694111
         1         1        16      -0.552228     0.00669758
         1         1        17      -0.461714     0.00692249
         1         1        18      -0.468677      0.0067038
         1         1        19      -0.576445     0.00695382
         1         1        20      -0.723166     0.00665773
         1         1        21      -0.649369     0.00696067
         1         1        22      -0.615449     0.00670052
         1         1        23      -0.489452     0.00690504
         1         1        24      -0.695989     0.00674729
         1         1        25       -0.59588      0.0069245
         1         1        26      -0.694942     0.00669229
         1         1        27      -0.618286     0.00691775
         1         1        28      -0.347223     0.00668094
         1         1        29      -0.716679     0.00693281
         1         1        30      -0.569477     0.00675132
         1         1        31      -0.689214     0.00687508
         1         2         0      -0.686315     0.00678359
         1         2         1      -0.351534     0.00677877
         1         2         2        -0.7304     0.00681173
         1         2         3      -0.422162     0.00679786
         1         2         4      -0.538192     0.00679816
         1         2         5      -0.373273     0.00681968
         1         2         6      -0.570406     0.00679959
         1         2         7      -0.386166     0.00679643
         1         2         8      -0.680792     0.00675966
         1         2         9       -0.57295     0.00676879
         1         2        10      -0.830014     0.00685862
         1         2        11      -0.605915     0.00680292
         1         2        12      -0.734835     0.00680538
         1         2        13      -0.533974     0.00678667
         1         2        14      -0.509371     0.00686238
         1         2        15      -0.571716     0.00677955
         1         2        16      -0.718189     0.00680068
         1         2        17      -0.587517     0.00677847
         1         2        18      -0.657008     0.00687311
         1         2        19      -0.535404     0.00683989
         1         2        20      -0.805386     0.00681466
         1         2        21      -0.526798     0.00680133
         1         2        22      -0.656807     0.00682478
         1         2        23      -0.702313     0.00679109
         1         2        24      -0.562054     0.00686512
         1         2        25      -0.540077     0.00677442
         1         2        26      -0.808008     0.00681723
         1         2        27      -0.490745     0.00679831
         1         2        28      -0.644981     0.00684021
         1         2        29      -0.680031     0.00678072
         1         2        30      -0.682105     0.00678557
         1         2        31      -0.522395     0.00679312
         1         3         0      -0.439428     0.00715418
         1         3         1        -0.2039     0.00688063
         1         3         2      -0.301384     0.00717851
         1         3         3      -0.155203     0.00689908
         1         3         4      -0.512631     0.00717098
         1         3         5      -0.301798     0.00689812
         1         3         8       -8.22182      0.0165769
         1         3        11      -0.522756     0.00691873
         1         3        12      -0.591114     0.00711022
         1         3        13      -0.561694     0.00689402
         1         3        14      -0.719421      0.0071107
         1         3        15      -0.145073     0.00693327
         1         3        16      -0.411907     0.00723264
         1         3        17      -0.247201     0.00689685
         1         3        18      -0.511566     0.00718531
         1         3        19      -0.428582     0.00688512
         1         3        20      -0.605639     0.00717298
         1         3        21      -0.170554     0.00690931
         1         3        22      -0.688401     0.00716397
         1         3        23      -0.381333     0.00685609
         1         3        24      -0.577742     0.00719151
         1         3        25      -0.509187     0.00685593
         1         3        26      -0.679522     0.00720861
         1         3        27      -0.506131      0.0068432
         1         3        28      -0.860799     0.00709348
         1         3        29       -0.42443     0.00687619
         1         3        30      -0.653886     0.00713021
         1         3        31      -0.609131     0.00689915
         1         4         0      -0.612937     0.00702036
         1         4         1      -0.435339     0.00698543
         1         4         2      -0.677614     0.00699125
         1         4         3       -0.38172     0.00695097
         1         4         4      -0.471709     0.00708265
         1         4         5      -0.242133     0.00700454
         1         4         6      -0.261527     0.00700647
         1         4         7      -0.560189     0.00701546
         1         4         8       -0.60123     0.00703531
         1         4         9      -0.659382     0.00693753
         1         4        10      -0.868799     0.00704489
         1         4        11      -0.502864     0.00697371
         1         4        12      -0.808261      0.0069987
         1         4        13        -0.7312     0.00693053
         1         4        14      -0.689996     0.00699659
         1         4        15      -0.671267      0.0068908
         1         4        16       -0.51763     0.00699819
         1         4        17      -0.427408     0.00695727
         1         4        18      -0.737735     0.00701842
         1         4        19      -0.663831     0.00690313
         1         4        20      -0.765494     0.00696967
         1         4        21      -0.795149     0.00692329
         1         4        22      -0.635454     0.00694557
         1         4        23      -0.820099     0.00687795
         1         4        24      -0.758352     0.00694698
         1         4        25      -0.960716     0.00689405
         1         4        26      -0.545436     0.00696443
         1         4        27      -0.816313     0.00692335
         1         4        28      -0.730304     0.00696504
         1         4        29      -0.725787     0.00686226
         1         4        30       -1.16273     0.00692508
         1         4        31      -0.604886     0.00692844
         1         5         0      -0.312695     0.00720654
         1         5         1      -0.180125     0.00672109
         1         5         2      -0.358533     0.00692774
         1         5         3      -0.178337     0.00665006
         1         5         4       -0.42351     0.00685928
         1         5         5      -0.149284     0.00661057
         1         5         6      -0.466844     0.00686079
         1         5         7       -0.22454     0.00664736
         1         5         8      -0.620099     0.00685104
         1         5         9      -0.353827     0.00666062
         1         5        10       -1.02369     0.00694472
         1         5        11      -0.414026     0.00686447
         1         5        12      -0.552608     0.00717173
         1         5        13      -0.251845     0.00684859
         1         5        14      -0.733154     0.00713043
         1         5        15      -0.213205     0.00678373
         1         5        16      -0.351386      0.0070128
         1         5        17      -0.208048     0.00679838
         1         5        18      -0.611287     0.00702447
         1         5        19      -0.368018      0.0068616
         1         5        20      -0.542806     0.00708106
         1         5        21      -0.226597     0.00680681
         1         5        22      -0.398869     0.00696118
         1         5        23      -0.413882     0.00665181
         1         5        24      -0.526114     0.00685103
         1         5        25      -0.215907     0.00663343
         1         5        26      -0.627958     0.00692528
         1         5        27      -0.328726     0.00662993
         1         5        28       -0.77337     0.00681958
         1         5        29     -0.0549907     0.00606487
         1         5        30       -0.46763     0.00688225
         1         5        31      -0.276044     0.00702437
         1         6         0      -0.369086     0.00688436
         1         6         1      -0.340684     0.00677226
         1         6         2      -0.634614      0.0068529
         1         6         3      -0.187486     0.00676651
         1         6         4      -0.500445     0.00690801
         1         6         5      -0.350132     0.00677325
         1         6         6       -0.34332     0.00690014
         1         6         7     -0.0653901     0.00685031
         1         6         8      -0.879034     0.00687414
         1         6         9      -0.425959     0.00676098
         1         6        10      -0.641976     0.00686642
         1         6        11      -0.523026       0.006778
         1         6        12      -0.718409     0.00693174
         1         6        13      -0.576155     0.00680311
         1         6        14      -0.475855     0.00692176
         1         6        15      -0.313336     0.00682503
         1         6        16      -0.585619     0.00694083
         1         6        17       -0.49054     0.00677143
         1         6        18      -0.809712     0.00693252
         1         6        19      -0.461062     0.00676705
         1         6        20      -0.573278     0.00690718
         1         6        21      -0.495815     0.00674692
         1         6        22      -0.818189     0.00690744
         1         6        23      -0.504598     0.00676368
         1         6        24      -0.745862     0.00688071
         1         6        25      -0.561957     0.00674651
         1         6        26      -0.762315     0.00689461
         1         6        27      -0.486639     0.00675571
         1         6        28      -0.698511     0.00687505
         1         6        29      -0.393009     0.00677864
         1         6        30        -0.6806     0.00694015
         1         6        31      -0.457739     0.00678933
         1         7         0      -0.320236      0.0067717
         1         7         1      -0.215308     0.00691075
         1         7         2      -0.264303     0.00668748
         1         7         3       -0.28459     0.00695388
         1         7         4      -0.166884     0.00669907
         1         7         5      0.0130717      0.0069177
         1         7         6      -0.624379     0.00665893
         1         7         7      -0.149171     0.00690576
         1         7         8      -0.350671     0.00681863
         1         7         9      -0.552425     0.00688022
         1         7        10      -0.662588     0.00669292
         1         7        11      -0.322087     0.00693166
         1         7        12      -0.681634     0.00670213
         1         7        13      -0.566265      0.0069408
         1         7        14      -0.699183     0.00671886
         1         7        15      -0.341331     0.00702567
         1         7        16      -0.552854     0.00672277
         1         7        17      -0.075187     0.00702476
         1         7        18      -0.580493     0.00690337
         1         7        19      -0.222544     0.00693823
         1         7        20      -0.665965     0.00671974
         1         7        21      -0.541653     0.00689461
         1         7        22      -0.505153     0.00667521
         1         7        23     0.00448343     0.00710843
         1         7        24      -0.473427     0.00674701
         1         7        25       -0.34103     0.00689413
         1         7        26      -0.491991     0.00680676
         1         7        27      -0.361324     0.00688363
         1         7        28      -0.638218     0.00670505
         1         7        29      -0.201652     0.00690132
         1         7        30      -0.401762     0.00675125
         1         7        31      -0.644659     0.00685583
         1         8         0      -0.465211     0.00685688
         1         8         1      -0.376484     0.00698792
         1         8         2      -0.396371     0.00687321
         1         8         3      -0.499133     0.00700977
         1         8         4       -0.53636     0.00683941
         1         8         5      -0.219656     0.00700274
         1         8         6      -0.467143     0.00686778
         1         8         7      -0.329818     0.00705185
         1         8         8      -0.679643     0.00686433
         1         8         9       -0.51718     0.00700652
         1         8        10      -0.581754     0.00688459
         1         8        11      -0.461611     0.00698967
         1         8        12      -0.504532     0.00694744
         1         8        13      -0.601387     0.00698505
         1         8        14      -0.770103     0.00690506
         1         8        15      -0.830506     0.00701963
         1         8        16      -0.539186     0.00687042
         1         8        17      -0.472718     0.00701705
         1         8        18       -0.65443     0.00680738
	 1         8        19      -0.509322     0.00703601
         1         8        20      -0.621829     0.00684298
         1         8        21      -0.605062     0.00699814
         1         8        22      -0.718272     0.00684793
         1         8        23      -0.467224     0.00702147
         1         8        24      -0.388854     0.00685627
         1         8        25      -0.684675     0.00697181
         1         8        26      -0.472955     0.00690042
         1         8        27      -0.659724     0.00699453
         1         8        28      -0.818384     0.00685376
         1         8        29      -0.561507     0.00695898
         1         8        30      -0.425894     0.00687702
         1         8        31       -0.55057     0.00701066
         1         9         0      -0.556397     0.00683613
         1         9         1      -0.149375     0.00690392
	 1         9         2      -0.315252     0.00702139
         1         9         3      -0.290245     0.00687093
         1         9         4      -0.748344     0.00683817
         1         9         5      -0.389083     0.00697421
	 1         9         6      -0.356746     0.00685587
         1         9         7      -0.389367     0.00692566
         1         9         8      -0.700468     0.00683768
         1         9         9        -1.0539     0.00716869
         1         9        10      -0.669195     0.00684284
         1         9        11      -0.504631     0.00690314
         1         9        12      -0.643611     0.00683483
         1         9        13      -0.642053     0.00691957
         1         9        14      -0.500517     0.00687735
         1         9        16      -0.391141     0.00751337
         1         9        17      -0.715927     0.00718492
         1         9        18      -0.672761     0.00683416
         1         9        19      -0.570362      0.0069934
         1         9        20      -0.542887     0.00681615
         1         9        21      -0.472127     0.00690897
         1         9        22      -0.510072     0.00681537
         1         9        23       -0.60781     0.00695492
	 1         9        24      -0.636722     0.00680493
         1         9        25      -0.573479     0.00689298
         1         9        26      -0.737948     0.00679273
         1         9        27      -0.519712     0.00694115
         1         9        28      -0.508727     0.00683164
	 1         9        29      -0.587551     0.00688188
         1         9        30      -0.478925     0.00685303
         1         9        31        -0.6432     0.00692331
         1        10         0      -0.756818     0.00697429
         1        10         1      -0.260724     0.00696809
         1        10         2      -0.502907     0.00703547
         1        10         3      -0.304943     0.00686588
         1        10         4      -0.472844     0.00702816
         1        10         5      -0.234256     0.00691303
         1        10         6      -0.599439     0.00703697
         1        10         7      -0.335373     0.00688745
         1        10         8      -0.607058     0.00700765
         1        10         9       -0.51223     0.00686535
         1        10        10      -0.651956     0.00702831
         1        10        11       -0.52202     0.00686115
         1        10        12      -0.616088     0.00705322
         1        10        13       -0.28557     0.00689982
         1        10        14      -0.875834     0.00698867
         1        10        15      -0.366858     0.00687766
         1        10        16      -0.465983     0.00702926
         1        10        17      -0.485828     0.00687905
         1        10        18      -0.701849     0.00696027
         1        10        19      -0.420219     0.00688826
         1        10        20      -0.487094      0.0070049
         1        10        21      -0.510878       0.006844
         1        10        22      -0.598052     0.00697348
         1        10        23      -0.583034     0.00688951
         1        10        24      -0.620293     0.00698601
         1        10        25      -0.312615     0.00687304
         1        10        26      -0.866848      0.0069399
         1        10        27       -0.48513      0.0068823
         1        10        28      -0.751145     0.00696228
         1        10        29      -0.633161     0.00682693
         1        10        30      -0.617258     0.00700787
         1        10        31      -0.619782     0.00687852
         1        11         0       -0.36815     0.00666821
         1        11         1      -0.305772     0.00712645
         1        11         2      -0.333738     0.00667703
         1        11         3      -0.430864     0.00716258
         1        11         4      -0.178992     0.00674877
         1        11         5      -0.365486     0.00712863
         1        11         6      -0.589695     0.00666312
         1        11         7      -0.381928     0.00713111
         1        11         8      -0.609146      0.0066372
         1        11         9      -0.368685     0.00716969
         1        11        10      -0.536265     0.00671718
         1        11        11      -0.673184     0.00721315
         1        11        12      -0.700837     0.00662475
         1        11        13      -0.618273     0.00719906
         1        11        14      -0.852978     0.00661853
         1        11        15      -0.524859     0.00720351
         1        11        16      -0.527784     0.00668382
         1        11        17      -0.644334     0.00720528
         1        11        18      -0.474725     0.00667187
         1        11        19      -0.355961     0.00723328
         1        11        20      -0.563299     0.00669944
         1        11        21      -0.471043     0.00722122
         1        11        22      -0.743174     0.00664032
         1        11        23      -0.543238     0.00716495
         1        11        24      -0.715754     0.00664127
         1        11        25      -0.616378     0.00717423
         1        11        26      -0.524428     0.00666391
         1        11        27      -0.821922     0.00718743
         1        11        28      -0.631189     0.00670031
         1        11        29      -0.520571     0.00722472
         1        11        30      -0.607224     0.00667809
         1        11        31      -0.682981     0.00727004
